0,RootNode
1.000000,0.000000,-0.000000,0.000000
0.000000,1.000000,-0.000000,0.000000
-0.000000,-0.000000,1.000000,-0.000000
0.000000,0.000000,-0.000000,1.000000

1.000000,0.000000,0.000000,0.000000
0.000000,1.000000,0.000000,0.000000
0.000000,0.000000,1.000000,0.000000
0.000000,0.000000,0.000000,1.000000
1,RIG-dogrig
100.000000,0.000000,-0.000000,0.000000
0.000000,-0.000016,100.000000,0.000000
-0.000000,-100.000000,-0.000016,-0.000000
0.000000,0.000000,-0.000000,1.000000

1.000000,0.000000,0.000000,0.000000
0.000000,1.000000,0.000000,0.000000
0.000000,0.000000,1.000000,0.000000
0.000000,0.000000,0.000000,1.000000
2,root
1.000000,0.000000,-0.000000,0.000000
0.000000,1.000000,-0.000000,0.000000
-0.000000,-0.000000,1.000000,-0.000000
0.000000,0.000000,-0.000000,1.000000

0.010000,0.000000,-0.000000,0.000000
0.000000,0.000000,-0.010000,0.000000
-0.000000,0.010000,0.000000,-0.000000
-0.000000,0.000000,-0.000000,1.000000
3,MCH-eyes_parent
0.999798,0.019230,-0.005817,0.000000
-0.004199,-0.083142,-0.996529,0.000000
-0.019646,0.996352,-0.083045,-0.000000
0.001533,-0.829082,-1.220729,1.000000

0.010000,0.000000,-0.000000,0.000000
0.000000,0.010000,-0.000000,0.000000
-0.000000,-0.000000,0.010000,-0.000000
-0.000000,-1.315213,0.801008,1.000000
4,eyes
1.000000,0.000000,-0.000000,0.000000
0.000000,1.000000,-0.000000,0.000000
-0.000000,-0.000000,1.000000,-0.000000
0.000000,0.115679,-0.291748,1.000000

0.010000,0.000000,-0.000000,0.000000
0.000000,0.010000,-0.000000,0.000000
-0.000000,-0.000000,0.010000,-0.000000
-0.000000,-1.430892,1.092757,1.000000
5,eye.L
1.000000,0.000000,-0.000000,0.000000
0.000000,1.000000,-0.000000,0.000000
-0.000000,-0.000000,1.000000,-0.000000
0.039649,0.000000,-0.000000,1.000000

0.010000,0.000000,-0.000000,0.000000
0.000000,0.010000,-0.000000,0.000000
-0.000000,-0.000000,0.010000,-0.000000
-0.039649,-1.430892,1.092757,1.000000
6,eye.R
1.000000,0.000000,-0.000000,0.000000
0.000000,1.000000,-0.000000,0.000000
-0.000000,-0.000000,1.000000,-0.000000
-0.039649,-0.000000,-0.000000,1.000000

0.010000,0.000000,-0.000000,0.000000
0.000000,0.010000,-0.000000,0.000000
-0.000000,-0.000000,0.010000,-0.000000
0.039649,-1.430892,1.092757,1.000000
7,DEF-spine.004
1.000000,0.000001,0.000003,0.000000
-0.000000,-0.956715,0.291027,0.000000
0.000003,-0.291027,-0.956715,-0.000000
0.000000,0.423073,-0.865966,1.000000

0.010000,-0.000000,0.000000,0.000000
-0.000000,-0.004499,0.008931,0.000000
0.000000,-0.008931,-0.004499,-0.000000
0.000002,0.798288,-0.672419,1.000000
8,DEF-spine.005
1.000000,0.000001,-0.000001,0.000000
-0.000001,0.968507,0.248986,0.000000
0.000001,-0.248986,0.968507,-0.000000
-0.000000,0.175675,0.000000,1.000000

0.010000,0.000000,0.000000,0.000000
-0.000000,-0.001290,0.009916,0.000000
0.000000,-0.009916,-0.001290,-0.000000
0.000004,0.364988,-0.840581,1.000000
9,DEF-spine.006
1.000000,-0.000000,0.000008,0.000000
-0.000000,0.999345,0.036178,0.000000
-0.000008,-0.036178,0.999345,-0.000000
0.000000,0.199998,0.000000,1.000000

0.010000,0.000000,-0.000000,0.000000
0.000000,0.000161,0.009999,0.000000
0.000000,-0.009999,0.000161,-0.000000
-0.000003,0.041385,-0.855620,1.000000
10,DEF-spine.007
1.000000,0.000000,-0.000006,0.000000
0.000001,0.986103,0.166134,0.000000
0.000006,-0.166134,0.986103,-0.000000
0.000000,0.223796,0.000000,1.000000

0.010000,0.000000,0.000000,0.000000
-0.000000,0.002052,0.009787,0.000000
-0.000000,-0.009787,0.002052,-0.000000
0.000002,-0.341151,-0.805590,1.000000
11,DEF-spine.008
1.000000,0.000001,0.000003,0.000000
-0.000002,0.914239,0.405175,0.000000
-0.000002,-0.405175,0.914239,-0.000000
-0.000000,0.224754,-0.000000,1.000000

0.010000,-0.000000,0.000000,0.000000
0.000000,0.006032,0.007976,0.000000
-0.000000,-0.007976,0.006032,-0.000000
-0.000000,-0.855524,-0.487137,1.000000
12,DEF-spine.009
1.000000,-0.000001,0.000001,0.000000
0.000000,0.942115,0.335290,0.000000
-0.000002,-0.335290,0.942115,-0.000000
-0.000000,0.221541,0.000000,1.000000

0.010000,-0.000000,-0.000000,0.000000
0.000000,0.008321,0.005546,0.000000
0.000000,-0.005546,0.008321,-0.000000
-0.000000,-1.177396,-0.105404,1.000000
13,DEF-spine.010
0.999848,0.008724,-0.015080,0.000000
-0.006412,0.989102,0.147091,0.000000
0.016199,-0.146972,0.989008,-0.000000
-0.000000,0.158521,-0.000000,1.000000

0.009996,-0.000064,0.000262,0.000000
-0.000054,0.009046,0.004261,0.000000
-0.000265,-0.004261,0.009043,-0.000000
-0.010989,-1.336863,0.091994,1.000000
14,DEF-spine.011
0.997852,-0.016540,0.063380,0.000000
0.015366,0.999702,0.018968,0.000000
-0.063674,-0.017954,0.997809,-0.000000
0.000000,0.166706,-0.000000,1.000000

0.009996,0.000054,-0.000277,0.000000
0.000059,0.009199,0.003921,0.000000
0.000276,-0.003921,0.009195,-0.000000
0.013298,-1.499072,0.148003,1.000000
15,VIS_front_thigh_ik_pole.L
-0.991250,0.059650,-0.117747,0.000000
0.896380,14.344337,-0.279350,0.000000
0.116336,-0.026605,-0.992853,-0.000000
0.131487,-0.417646,-0.535337,1.000000

-0.009992,0.000000,0.000387,0.000000
0.000000,0.010000,-0.000000,0.000000
-0.000387,-0.000000,-0.009993,-0.000000
0.108130,-0.573731,-0.488734,1.000000
16,VIS_front_thigh_ik_pole.R
-0.991251,-0.059651,0.117747,0.000000
-0.896386,14.344334,-0.279338,0.000000
-0.116337,-0.026605,-0.992853,-0.000000
-0.131487,-0.417646,-0.535337,1.000000

-0.009992,0.000000,-0.000387,0.000000
0.000000,0.010000,-0.000000,0.000000
0.000387,-0.000000,-0.009993,-0.000000
-0.108130,-0.573731,-0.488734,1.000000
17,VIS_thigh_ik_pole.L
-0.013834,-0.014656,0.999797,0.000000
15.343561,-15.299398,-0.011966,0.000000
0.705952,0.707974,0.020146,-0.000000
0.180822,0.313275,-0.479202,1.000000

0.007131,0.000000,0.007011,0.000000
0.000000,0.010000,-0.000000,0.000000
-0.007011,-0.000000,0.007131,-0.000000
0.160995,-0.554691,-0.379028,1.000000
18,VIS_thigh_ik_pole.R
-0.015760,0.012768,-0.999794,0.000000
-15.208759,-15.158361,0.046156,0.000000
-0.705758,0.708166,0.020169,-0.000000
-0.184092,0.309856,-0.480611,1.000000

0.007131,0.000000,-0.007011,0.000000
0.000000,0.010000,-0.000000,0.000000
0.007011,-0.000000,0.007131,-0.000000
-0.160995,-0.554691,-0.379028,1.000000
19,MCH-torso.parent
1.000000,0.000000,-0.000000,0.000000
0.000000,1.000000,-0.000000,0.000000
-0.000000,-0.000000,1.000000,-0.000000
0.000000,0.331967,-0.920154,1.000000

0.010000,0.000000,-0.000000,0.000000
0.000000,0.000000,-0.010000,0.000000
-0.000000,0.010000,0.000000,-0.000000
-0.000000,-0.331967,0.920154,1.000000
20,torso
1.000000,0.000000,-0.000000,0.000000
0.000000,1.000000,-0.000000,0.000000
-0.000000,-0.000000,1.000000,-0.000000
0.000000,0.000000,0.048731,1.000000

0.010000,0.000000,-0.000000,0.000000
0.000000,0.000000,-0.010000,0.000000
-0.000000,0.010000,0.000000,-0.000000
-0.000000,-0.331967,0.920154,1.000000
21,hips
1.000000,0.000000,-0.000000,0.000000
0.000000,0.985356,0.170509,0.000000
-0.000000,-0.170509,0.985356,-0.000000
-0.000000,-0.276774,0.065314,1.000000

0.010000,0.000000,-0.000000,0.000000
0.000000,0.000000,-0.010000,0.000000
-0.000000,0.010000,0.000000,-0.000000
-0.000000,-0.055194,0.854841,1.000000
22,chest
1.000000,0.000000,-0.000000,0.000000
0.000000,0.997489,-0.070821,0.000000
-0.000000,0.070821,0.997489,-0.000000
-0.000000,-0.276774,0.065314,1.000000

0.010000,0.000000,-0.000000,0.000000
0.000000,0.000000,-0.010000,0.000000
-0.000000,0.010000,0.000000,-0.000000
-0.000000,-0.055194,0.854841,1.000000
23,MCH-spine.005
1.000000,0.000000,-0.000000,0.000000
0.000000,0.996332,0.085568,0.000000
-0.000000,-0.085568,0.996332,-0.000000
-0.000000,-0.276774,0.065314,1.000000

0.010000,0.000000,-0.000000,0.000000
0.000000,0.000000,-0.010000,0.000000
-0.000000,0.010000,0.000000,-0.000000
-0.000000,-0.055194,0.854841,1.000000
24,spine_fk.005
1.000000,0.000001,0.000005,0.000000
0.000000,-0.991647,0.128980,0.000000
0.000005,-0.128980,-0.991647,-0.000000
0.000000,0.000000,-0.000000,1.000000

0.010000,0.000000,0.000000,0.000000
-0.000000,-0.001290,0.009917,0.000000
0.000000,-0.009916,-0.001290,-0.000000
0.000004,0.164991,-0.840593,1.000000
25,MCH-spine.004
1.000000,0.000000,0.000005,0.000000
0.000001,-0.976973,-0.213361,0.000000
0.000005,0.213361,-0.976973,-0.000000
0.000000,-0.199998,-0.000000,1.000000

0.010000,-0.000000,-0.000000,0.000000
-0.000000,-0.000000,-0.010000,0.000000
-0.000000,0.010000,0.000000,-0.000000
-0.000000,-0.253520,0.880652,1.000000
26,spine_fk.004
1.000000,0.000001,0.000003,0.000000
-0.000000,-0.893080,0.449899,0.000000
0.000003,-0.449899,-0.893080,-0.000000
0.000000,0.000000,-0.000000,1.000000

0.010000,-0.000000,0.000000,0.000000
-0.000000,-0.004499,0.008931,0.000000
0.000000,-0.008931,-0.004499,-0.000000
0.000002,0.622624,-0.672430,1.000000
27,tweak_spine.004
1.000000,0.000000,-0.000000,0.000000
0.000000,1.000000,-0.000000,0.000000
-0.000000,-0.000000,1.000000,-0.000000
0.000000,-0.175676,0.000000,1.000000

0.010000,-0.000000,0.000000,0.000000
-0.000000,-0.004499,0.008931,0.000000
0.000000,-0.008931,-0.004499,-0.000000
0.000002,0.798300,-0.672429,1.000000
28,ORG-spine.004
1.000000,0.000000,-0.000000,0.000000
0.000000,1.000000,-0.000000,0.000000
-0.000000,-0.000000,1.000000,-0.000000
0.000000,0.000000,-0.000000,1.000000

0.010000,-0.000000,0.000000,0.000000
-0.000000,-0.004499,0.008931,0.000000
0.000000,-0.008931,-0.004499,-0.000000
0.000002,0.798299,-0.672430,1.000000
29,MCH-ROT-tail
1.000000,-0.000000,0.000003,0.000000
0.000001,-0.956713,-0.291032,0.000000
0.000003,0.291032,-0.956713,-0.000000
0.000000,0.000000,-0.000000,1.000000

0.010000,-0.000000,-0.000000,0.000000
-0.000000,-0.000000,-0.010000,0.000000
-0.000000,0.010000,-0.000000,-0.000000
-0.000000,-0.410411,0.959691,1.000000
30,spine.003
0.985385,-0.000003,0.170343,0.000000
0.152549,0.445000,-0.882442,0.000000
-0.075800,0.895530,0.438497,-0.000000
0.000000,0.000000,-0.000000,1.000000

0.010000,0.000000,0.000000,0.000000
0.000000,0.008955,-0.004450,0.000000
-0.000000,0.004450,0.008955,-0.000000
-0.000000,-1.042066,0.059523,1.000000
31,spine.002
0.967838,-0.242559,0.066748,0.000000
0.251406,0.922788,-0.291989,0.000000
0.009231,0.299379,0.954090,-0.000000
-0.000000,0.123114,0.000000,1.000000

0.010000,0.000000,-0.000000,0.000000
-0.000000,0.009905,-0.001374,0.000000
0.000000,0.001374,0.009905,-0.000000
-0.000000,-1.123715,-0.313770,1.000000
32,spine.001
0.945072,-0.288365,0.153898,0.000000
0.324416,0.885017,-0.333914,0.000000
-0.039913,0.365500,0.929955,-0.000000
0.000000,0.130629,0.000000,1.000000

0.010000,-0.000000,0.000000,0.000000
-0.000000,0.009643,0.002650,0.000000
-0.000000,-0.002650,0.009642,-0.000000
0.000000,-1.028400,-0.783724,1.000000
33,spine
0.961061,-0.173630,0.214977,0.000000
0.204781,0.969844,-0.132168,0.000000
-0.185545,0.171044,0.967635,-0.000000
-0.000000,0.154890,0.000000,1.000000

0.010000,-0.000000,-0.000000,0.000000
0.000000,0.008130,0.005822,0.000000
0.000000,-0.005822,0.008130,-0.000000
-0.000000,-0.839102,-1.144686,1.000000
34,tweak_spine.001
1.000000,-0.000018,-0.000018,0.000000
0.000023,0.938259,0.345933,0.000000
0.000011,-0.345933,0.938259,-0.000000
0.000000,0.000000,-0.000000,1.000000

0.010000,-0.000000,0.000000,0.000000
-0.000000,0.009643,0.002650,0.000000
-0.000000,-0.002650,0.009642,-0.000000
0.000000,-1.183291,-0.783724,1.000000
35,ORG-spine.001
0.984176,0.177138,0.004432,0.000000
0.173642,-0.969131,0.175022,0.000000
0.035298,-0.171483,-0.984555,-0.000000
0.000000,0.000000,-0.000000,1.000000

0.010000,0.000000,0.000000,0.000000
0.000000,-0.009643,-0.002650,0.000000
0.000000,0.002650,-0.009642,-0.000000
-0.000000,1.183291,0.783724,1.000000
36,tweak_spine
1.000000,-0.000015,-0.000011,0.000000
0.000015,1.000000,-0.000011,0.000000
0.000011,0.000011,1.000000,-0.000000
0.000000,0.148255,-0.000000,1.000000

0.010000,-0.000000,-0.000000,0.000000
0.000000,0.008130,0.005822,0.000000
0.000000,-0.005822,0.008130,-0.000000
-0.000000,-0.987357,-1.144687,1.000000
37,ORG-spine
1.000000,0.000007,0.000010,0.000000
0.000007,-1.000000,-0.000007,0.000000
0.000010,0.000007,-1.000000,-0.000000
0.000000,0.000000,-0.000000,1.000000

0.010000,0.000000,-0.000000,0.000000
-0.000000,-0.008130,-0.005822,0.000000
-0.000000,0.005822,-0.008130,-0.000000
0.000000,0.987358,1.144686,1.000000
38,DEF-spine
1.000000,0.000000,-0.000000,0.000000
0.000000,1.000000,-0.000000,0.000000
-0.000000,-0.000000,1.000000,-0.000000
0.000000,0.000000,-0.000000,1.000000

0.010000,0.000000,-0.000000,0.000000
-0.000000,-0.008130,-0.005822,0.000000
-0.000000,0.005822,-0.008130,-0.000000
0.000000,0.987357,1.144686,1.000000
39,DEF-spine.001
0.984179,-0.164659,-0.065419,0.000000
0.173630,0.969843,0.171046,0.000000
0.035282,-0.179698,0.983089,-0.000000
-0.000000,0.148255,0.000000,1.000000

0.010000,0.000000,0.000000,0.000000
0.000000,-0.009643,-0.002650,0.000000
0.000000,0.002650,-0.009642,-0.000000
-0.000000,1.183291,0.783724,1.000000
40,DEF-spine.002
0.954937,-0.265321,0.133042,0.000000
0.186461,0.885015,0.426591,0.000000
-0.230928,-0.382560,0.894606,-0.000000
0.000000,0.154890,-0.000000,1.000000

0.010000,-0.000000,-0.000000,0.000000
-0.000000,-0.009905,0.001374,0.000000
-0.000000,-0.001374,-0.009905,-0.000000
0.000000,1.254344,0.313770,1.000000
41,DEF-spine.003
0.969537,-0.230233,0.083616,0.000000
0.190232,0.922785,0.335081,0.000000
-0.154306,-0.308967,0.938472,-0.000000
0.000000,0.130629,0.000000,1.000000

0.010000,-0.000000,0.000000,0.000000
-0.000000,-0.008955,0.004450,0.000000
0.000000,-0.004450,-0.008955,-0.000000
0.000000,1.165180,-0.059523,1.000000
42,tweak_spine.002
1.000000,-0.000013,-0.000009,0.000000
0.000015,0.918681,0.395001,0.000000
0.000003,-0.395001,0.918681,-0.000000
0.000000,0.000000,-0.000000,1.000000

0.010000,0.000000,-0.000000,0.000000
-0.000000,0.009905,-0.001374,0.000000
0.000000,0.001374,0.009905,-0.000000
-0.000000,-1.254344,-0.313770,1.000000
43,ORG-spine.002
0.957514,0.288385,-0.000987,0.000000
0.288371,-0.957419,0.013804,0.000000
0.003036,-0.013502,-0.999904,-0.000000
0.000000,0.000000,-0.000000,1.000000

0.010000,-0.000000,-0.000000,0.000000
0.000000,-0.009905,0.001374,0.000000
-0.000000,-0.001374,-0.009905,-0.000000
0.000000,1.254344,0.313771,1.000000
44,tweak_spine.003
1.000000,-0.000013,-0.000002,0.000000
0.000013,0.948181,0.317731,0.000000
-0.000002,-0.317731,0.948181,-0.000000
0.000000,0.000000,-0.000000,1.000000

0.010000,0.000000,0.000000,0.000000
0.000000,0.008955,-0.004450,0.000000
-0.000000,0.004450,0.008955,-0.000000
-0.000000,-1.165180,0.059523,1.000000
45,ORG-spine.003
0.970133,0.242572,-0.000734,0.000000
0.242569,-0.970089,0.009326,0.000000
0.001550,-0.009226,-0.999956,-0.000000
0.000000,0.000000,-0.000000,1.000000

0.010000,-0.000000,0.000000,0.000000
-0.000000,-0.008955,0.004450,0.000000
0.000000,-0.004450,-0.008955,-0.000000
0.000000,1.165179,-0.059522,1.000000
46,spine_master.003
1.000000,-0.000000,0.000004,0.000000
-0.000002,-0.800322,0.599571,0.000000
0.000003,-0.599571,-0.800322,-0.000000
0.000000,0.000000,-0.000000,1.000000

0.010000,0.000000,0.000000,0.000000
0.000000,0.008955,-0.004450,0.000000
-0.000000,0.004450,0.008955,-0.000000
-0.000000,-1.042066,0.059523,1.000000
47,tweak_spine.005
1.000000,0.000001,-0.000001,0.000000
-0.000001,0.943649,0.330949,0.000000
0.000001,-0.330949,0.943649,-0.000000
0.000000,0.000000,-0.000000,1.000000

0.010000,0.000000,0.000000,0.000000
-0.000000,-0.001290,0.009917,0.000000
0.000000,-0.009916,-0.001290,-0.000000
0.000004,0.364990,-0.840598,1.000000
48,ORG-spine.005
1.000000,0.000000,-0.000000,0.000000
0.000000,1.000000,-0.000000,0.000000
-0.000000,-0.000000,1.000000,-0.000000
0.000000,0.000000,-0.000000,1.000000

0.010000,0.000000,0.000000,0.000000
-0.000000,-0.001290,0.009917,0.000000
0.000000,-0.009916,-0.001290,-0.000000
0.000004,0.364990,-0.840598,1.000000
49,ORG-pelvis.L
0.960859,-0.112693,-0.253082,0.000000
0.276991,0.407660,0.870109,0.000000
0.005116,-0.906153,0.422919,-0.000000
0.037639,-0.070144,-0.182966,1.000000

0.009609,0.002770,0.000051,0.000000
-0.002364,0.008103,0.005363,0.000000
0.001444,-0.005165,0.008440,-0.000000
0.081236,-0.405253,-0.672613,1.000000
50,DEF-pelvis.L
1.000000,0.000000,-0.000000,0.000000
0.000000,1.000000,-0.000000,0.000000
-0.000000,-0.000000,1.000000,-0.000000
0.000000,0.000000,-0.000000,1.000000

0.009609,0.002770,0.000051,0.000000
-0.002364,0.008103,0.005363,0.000000
0.001444,-0.005165,0.008440,-0.000000
0.081236,-0.405253,-0.672613,1.000000
51,ORG-pelvis.R
0.960857,0.112693,0.253091,0.000000
-0.276999,0.407660,0.870106,0.000000
-0.005120,-0.906153,0.422919,-0.000000
-0.037637,-0.070144,-0.182966,1.000000

0.009609,-0.002770,-0.000051,0.000000
0.002364,0.008103,0.005363,0.000000
-0.001444,-0.005165,0.008440,-0.000000
-0.081236,-0.405252,-0.672613,1.000000
52,DEF-pelvis.R
1.000000,0.000000,-0.000000,0.000000
0.000000,1.000000,-0.000000,0.000000
-0.000000,-0.000000,1.000000,-0.000000
0.000000,0.000000,-0.000000,1.000000

0.009609,-0.002770,-0.000051,0.000000
0.002364,0.008103,0.005363,0.000000
-0.001444,-0.005165,0.008440,-0.000000
-0.081236,-0.405253,-0.672613,1.000000
53,ORG-thigh.L
0.683657,-0.711601,0.092840,0.000000
0.176960,0.042896,-0.974302,0.000000
0.695473,0.688597,0.156634,-0.000000
0.124900,-0.085872,-0.024993,1.000000

0.006910,0.000823,0.007181,0.000000
0.001510,-0.009880,-0.000320,0.000000
0.007069,0.001305,-0.006952,-0.000000
-0.458884,0.801645,0.175719,1.000000
54,ORG-shin.L
0.997273,0.000000,0.000000,0.000000
-0.000000,0.900895,-0.427716,0.000000
-0.000000,0.427716,0.900895,-0.000000
0.000000,0.316029,0.000000,1.000000

0.006910,-0.000389,0.007218,0.000000
0.001510,-0.009688,-0.001967,0.000000
0.007069,0.002449,-0.006636,-0.000000
-0.458884,0.449407,0.254428,1.000000
55,ORG-foot.L
0.820086,-0.434406,0.345678,0.000000
0.544340,0.750351,-0.348441,0.000000
-0.109070,0.478549,0.860139,-0.000000
-0.000000,0.242503,0.000000,1.000000

0.006995,0.000460,0.007131,0.000000
0.003658,-0.008803,-0.003020,0.000000
0.006139,0.004721,-0.006326,-0.000000
-0.487628,0.066059,0.275632,1.000000
56,ORG-toe.L
0.820963,0.383330,0.471893,0.000000
-0.369771,-0.314580,0.898840,0.000000
0.482591,-0.893142,-0.114054,-0.000000
-0.000000,0.252657,0.000000,1.000000

0.009351,0.000908,0.003426,0.000000
-0.002359,-0.005622,0.007927,0.000000
0.002646,-0.008220,-0.005042,-0.000000
-0.268880,0.502655,0.153669,1.000000
57,MCH-toe_tweak.L
1.000000,0.000000,-0.000000,0.000000
0.000000,1.000000,-0.000000,0.000000
-0.000000,-0.000000,1.000000,-0.000000
0.000000,0.000000,-0.000000,1.000000

0.009351,0.000908,0.003426,0.000000
-0.002359,-0.005622,0.007927,0.000000
0.002646,-0.008220,-0.005042,-0.000000
-0.268880,0.502655,0.153669,1.000000
58,toe_tweak.L
1.000000,0.000000,-0.000000,0.000000
0.000000,1.000000,-0.000000,0.000000
-0.000000,-0.000000,1.000000,-0.000000
0.000000,0.000000,-0.000000,1.000000

0.009351,0.000908,0.003426,0.000000
-0.002359,-0.005622,0.007927,0.000000
0.002646,-0.008220,-0.005042,-0.000000
-0.268880,0.502655,0.153668,1.000000
59,MCH-toe.L
0.820964,0.383327,0.471893,0.000000
-0.369771,-0.314581,0.898840,0.000000
0.482589,-0.893143,-0.114056,-0.000000
-0.000000,0.252657,0.000000,1.000000

0.009351,0.000908,0.003426,0.000000
-0.002359,-0.005622,0.007927,0.000000
0.002646,-0.008220,-0.005042,-0.000000
-0.268880,0.502655,0.153669,1.000000
60,toe.L
1.000000,0.000000,-0.000000,0.000000
0.000000,1.000000,-0.000000,0.000000
-0.000000,-0.000000,1.000000,-0.000000
0.000000,0.000000,-0.000000,1.000000

0.009351,0.000908,0.003426,0.000000
-0.002359,-0.005622,0.007927,0.000000
0.002646,-0.008220,-0.005042,-0.000000
-0.268880,0.502655,0.153669,1.000000
61,MCH-foot_tweak.L
1.021570,-0.000015,0.000000,0.000000
0.000015,1.021570,-0.000001,0.000000
-0.000000,0.000001,1.021569,-0.000000
0.000000,0.000000,-0.000000,1.000000

0.006995,0.000460,0.007131,0.000000
0.003658,-0.008803,-0.003020,0.000000
0.006139,0.004721,-0.006326,-0.000000
-0.487628,0.066059,0.275632,1.000000
62,foot_tweak.L
1.000000,0.000015,0.000001,0.000000
-0.000015,1.000000,0.000000,0.000000
-0.000001,-0.000000,1.000000,-0.000000
0.000000,0.000000,-0.000000,1.000000

0.006995,0.000460,0.007131,0.000000
0.003658,-0.008803,-0.003020,0.000000
0.006139,0.004721,-0.006326,-0.000000
-0.487628,0.066058,0.275632,1.000000
63,MCH-foot_tweak.L.001
1.021553,0.000000,-0.005724,0.000000
-0.000000,1.021570,0.000000,0.000000
0.005724,-0.000000,1.021554,-0.000000
-0.000000,0.126328,0.000000,1.000000

0.007904,0.000460,0.006109,0.000000
0.003211,-0.008803,-0.003492,0.000000
0.005217,0.004721,-0.007106,-0.000000
-0.445396,-0.060269,0.339670,1.000000
64,foot_tweak.L.001
0.990623,-0.000000,-0.136627,0.000000
0.000001,1.000000,0.000007,0.000000
0.136627,-0.000007,0.990623,-0.000000
0.000000,0.000000,-0.000000,1.000000

0.006995,0.000460,0.007131,0.000000
0.003658,-0.008803,-0.003020,0.000000
0.006139,0.004721,-0.006326,-0.000000
-0.487628,-0.060270,0.275632,1.000000
65,MCH-shin_tweak.L
1.011686,0.000000,-0.000000,0.000000
0.000000,1.011686,-0.000000,0.000000
-0.000000,-0.000000,1.011686,-0.000000
0.000000,0.000000,-0.000000,1.000000

0.006910,-0.000389,0.007218,0.000000
0.001510,-0.009688,-0.001967,0.000000
0.007069,0.002449,-0.006636,-0.000000
-0.458884,0.449407,0.254428,1.000000
66,shin_tweak.L
1.000000,0.000004,0.000001,0.000000
-0.000004,1.000000,0.000009,0.000000
-0.000001,-0.000009,1.000000,-0.000000
0.000000,0.000000,-0.000000,1.000000

0.006910,-0.000389,0.007218,0.000000
0.001510,-0.009688,-0.001967,0.000000
0.007069,0.002449,-0.006636,-0.000000
-0.458884,0.449407,0.254428,1.000000
67,MCH-shin_tweak.L.001
1.003424,-0.000000,0.129029,0.000000
0.000000,1.011686,-0.000000,0.000000
-0.129029,0.000000,1.003424,-0.000000
-0.000000,0.121252,-0.000000,1.000000

0.006957,-0.000389,0.007173,0.000000
0.001497,-0.009688,-0.001977,0.000000
0.007026,0.002449,-0.006681,-0.000000
-0.457228,0.328155,0.257394,1.000000
68,shin_tweak.L.001
0.999979,0.000008,-0.006473,0.000000
-0.000008,1.000000,0.000000,0.000000
0.006473,-0.000000,0.999979,-0.000000
0.000000,0.000000,-0.000000,1.000000

0.006910,-0.000389,0.007218,0.000000
0.001510,-0.009688,-0.001967,0.000000
0.007069,0.002449,-0.006636,-0.000000
-0.458884,0.328155,0.254428,1.000000
69,MCH-thigh_parent_widget.L
1.008927,0.000001,0.000000,0.000000
-0.000001,1.008927,0.000010,0.000000
-0.000000,-0.000010,1.008927,-0.000000
0.000000,0.000000,-0.000000,1.000000

0.006910,0.000823,0.007181,0.000000
0.001510,-0.009880,-0.000320,0.000000
0.007069,0.001305,-0.006952,-0.000000
-0.458884,0.801646,0.175718,1.000000
70,MCH-thigh_tweak.L.001
1.008924,0.000000,-0.002376,0.000000
-0.000000,1.008927,-0.000000,0.000000
0.002376,0.000000,1.008924,-0.000000
-0.000000,0.158015,-0.000000,1.000000

0.006910,0.000823,0.007181,0.000000
0.001510,-0.009880,-0.000320,0.000000
0.007069,0.001305,-0.006952,-0.000000
-0.458884,0.643631,0.175719,1.000000
71,thigh_tweak.L.001
1.000000,0.000000,-0.000000,0.000000
0.000000,1.000000,-0.000000,0.000000
-0.000000,-0.000000,1.000000,-0.000000
0.000000,0.000000,-0.000000,1.000000

0.006910,0.000823,0.007181,0.000000
0.001510,-0.009880,-0.000320,0.000000
0.007069,0.001305,-0.006952,-0.000000
-0.458884,0.643631,0.175719,1.000000
72,ORG-thigh.R
0.682808,0.710408,-0.092343,0.000000
-0.187296,0.053894,-0.970302,0.000000
-0.691469,0.686914,0.171627,-0.000000
-0.124900,-0.085872,-0.024994,1.000000

0.006910,-0.000823,-0.007181,0.000000
-0.001510,-0.009880,-0.000320,0.000000
-0.007069,0.001305,-0.006952,-0.000000
0.458884,0.801645,0.175719,1.000000
73,ORG-shin.R
0.996805,-0.000000,-0.000000,0.000000
0.000000,0.869980,-0.486574,0.000000
0.000000,0.486574,0.869980,-0.000000
0.000000,0.316029,-0.000000,1.000000

0.006910,0.000389,-0.007218,0.000000
-0.001510,-0.009688,-0.001967,0.000000
-0.007069,0.002449,-0.006636,-0.000000
0.458884,0.449407,0.254428,1.000000
74,ORG-foot.R
0.811650,0.437696,-0.366425,0.000000
-0.546276,0.780383,-0.277858,0.000000
0.165613,0.429004,0.879288,-0.000000
-0.000000,0.242503,-0.000000,1.000000

0.006995,-0.000460,-0.007131,0.000000
-0.003658,-0.008803,-0.003020,0.000000
-0.006139,0.004721,-0.006326,-0.000000
0.487628,0.066059,0.275632,1.000000
75,ORG-toe.R
0.839035,-0.404239,-0.419780,0.000000
0.325380,-0.285530,0.925314,0.000000
-0.483479,-0.893683,-0.105758,-0.000000
0.000000,0.252657,0.000000,1.000000

0.009351,-0.000908,-0.003426,0.000000
0.002359,-0.005622,0.007927,0.000000
-0.002646,-0.008220,-0.005042,-0.000000
0.268880,0.502655,0.153669,1.000000
76,MCH-toe_tweak.R
1.000000,-0.000001,-0.000000,0.000000
0.000001,1.000000,0.000008,0.000000
0.000000,-0.000008,1.000000,-0.000000
0.000000,0.000000,-0.000000,1.000000

0.009351,-0.000908,-0.003426,0.000000
0.002359,-0.005622,0.007927,0.000000
-0.002646,-0.008220,-0.005042,-0.000000
0.268880,0.502655,0.153669,1.000000
77,toe_tweak.R
1.000000,0.000001,-0.000001,0.000000
-0.000001,1.000000,-0.000009,0.000000
0.000001,0.000009,1.000000,-0.000000
0.000000,0.000000,-0.000000,1.000000

0.009351,-0.000908,-0.003426,0.000000
0.002359,-0.005622,0.007927,0.000000
-0.002646,-0.008220,-0.005042,-0.000000
0.268880,0.502655,0.153668,1.000000
78,MCH-toe.R
0.839037,-0.404236,-0.419780,0.000000
0.325380,-0.285531,0.925313,0.000000
-0.483477,-0.893684,-0.105759,-0.000000
0.000000,0.252657,0.000000,1.000000

0.009351,-0.000908,-0.003426,0.000000
0.002359,-0.005622,0.007927,0.000000
-0.002646,-0.008220,-0.005042,-0.000000
0.268879,0.502655,0.153669,1.000000
79,toe.R
1.000000,0.000000,-0.000000,0.000000
0.000000,1.000000,-0.000000,0.000000
-0.000000,-0.000000,1.000000,-0.000000
0.000000,0.000000,-0.000000,1.000000

0.009351,-0.000908,-0.003426,0.000000
0.002359,-0.005622,0.007927,0.000000
-0.002646,-0.008220,-0.005042,-0.000000
0.268880,0.502655,0.153669,1.000000
80,MCH-foot_tweak.R
1.021569,0.000008,-0.000000,0.000000
-0.000008,1.021570,-0.000009,0.000000
0.000000,0.000009,1.021570,-0.000000
0.000000,0.000000,-0.000000,1.000000

0.006995,-0.000460,-0.007131,0.000000
-0.003658,-0.008803,-0.003020,0.000000
-0.006139,0.004721,-0.006326,-0.000000
0.487628,0.066059,0.275632,1.000000
81,foot_tweak.R
1.000000,-0.000008,-0.000001,0.000000
0.000008,1.000000,0.000004,0.000000
0.000001,-0.000004,1.000000,-0.000000
0.000000,0.000000,-0.000000,1.000000

0.006995,-0.000460,-0.007131,0.000000
-0.003658,-0.008803,-0.003020,0.000000
-0.006139,0.004721,-0.006326,-0.000000
0.487628,0.066059,0.275632,1.000000
82,MCH-foot_tweak.R.001
1.021030,0.000001,0.033193,0.000000
-0.000001,1.021570,0.000000,0.000000
-0.033193,-0.000000,1.021031,-0.000000
0.000000,0.126328,-0.000000,1.000000

0.007904,-0.000460,-0.006109,0.000000
-0.003211,-0.008803,-0.003492,0.000000
-0.005217,0.004721,-0.007106,-0.000000
0.445396,-0.060270,0.339670,1.000000
83,foot_tweak.R.001
0.990623,-0.000002,0.136626,0.000000
0.000001,1.000000,0.000005,0.000000
-0.136626,-0.000004,0.990623,-0.000000
0.000000,0.000000,-0.000000,1.000000

0.006995,-0.000460,-0.007131,0.000000
-0.003658,-0.008803,-0.003020,0.000000
-0.006139,0.004721,-0.006326,-0.000000
0.487628,-0.060270,0.275632,1.000000
84,MCH-shin_tweak.R
1.013683,-0.000007,-0.000000,0.000000
0.000007,1.013683,0.000008,0.000000
0.000000,-0.000008,1.013684,-0.000000
0.000000,0.000000,-0.000000,1.000000

0.006910,0.000389,-0.007218,0.000000
-0.001510,-0.009688,-0.001967,0.000000
-0.007069,0.002449,-0.006636,-0.000000
0.458884,0.449407,0.254428,1.000000
85,shin_tweak.R
1.000000,0.000007,-0.000001,0.000000
-0.000007,1.000000,-0.000007,0.000000
0.000001,0.000007,1.000000,-0.000000
0.000000,0.000000,-0.000000,1.000000

0.006910,0.000389,-0.007218,0.000000
-0.001510,-0.009688,-0.001967,0.000000
-0.007069,0.002449,-0.006636,-0.000000
0.458884,0.449407,0.254428,1.000000
86,MCH-shin_tweak.R.001
1.002586,-0.000000,-0.149586,0.000000
0.000000,1.013683,-0.000000,0.000000
0.149586,0.000000,1.002586,-0.000000
-0.000000,0.121252,-0.000000,1.000000

0.006957,0.000389,-0.007173,0.000000
-0.001497,-0.009688,-0.001977,0.000000
-0.007026,0.002449,-0.006681,-0.000000
0.457228,0.328155,0.257394,1.000000
87,shin_tweak.R.001
0.999979,-0.000008,0.006473,0.000000
0.000008,1.000000,-0.000004,0.000000
-0.006473,0.000004,0.999979,-0.000000
0.000000,0.000000,-0.000000,1.000000

0.006910,0.000389,-0.007218,0.000000
-0.001510,-0.009688,-0.001967,0.000000
-0.007069,0.002449,-0.006636,-0.000000
0.458884,0.328155,0.254428,1.000000
88,MCH-thigh_parent_widget.R
1.010444,-0.000001,0.000000,0.000000
0.000001,1.010444,0.000010,0.000000
-0.000000,-0.000010,1.010445,-0.000000
0.000000,0.000000,-0.000000,1.000000

0.006910,-0.000823,-0.007181,0.000000
-0.001510,-0.009880,-0.000320,0.000000
-0.007069,0.001305,-0.006952,-0.000000
0.458884,0.801646,0.175718,1.000000
89,MCH-thigh_tweak.R.001
1.010441,0.000000,0.002620,0.000000
-0.000000,1.010444,0.000000,0.000000
-0.002620,-0.000000,1.010441,-0.000000
0.000000,0.158014,0.000000,1.000000

0.006910,-0.000823,-0.007181,0.000000
-0.001510,-0.009880,-0.000320,0.000000
-0.007069,0.001305,-0.006952,-0.000000
0.458884,0.643631,0.175718,1.000000
90,thigh_tweak.R.001
1.000000,-0.000010,-0.000001,0.000000
0.000010,1.000000,0.000013,0.000000
0.000001,-0.000013,1.000000,-0.000000
0.000000,0.000000,-0.000000,1.000000

0.006910,-0.000823,-0.007181,0.000000
-0.001510,-0.009880,-0.000320,0.000000
-0.007069,0.001305,-0.006952,-0.000000
0.458884,0.643631,0.175719,1.000000
91,thigh_parent.L
0.994002,0.072372,0.081986,0.000000
0.082347,-0.002003,-0.996602,0.000000
-0.071961,0.997376,-0.007951,-0.000000
0.124900,-0.085872,-0.024993,1.000000

0.009940,0.000823,-0.000720,0.000000
0.000720,-0.009880,-0.001365,0.000000
-0.000823,0.001305,-0.009880,-0.000000
-0.158384,0.801645,0.465152,1.000000
92,MCH-thigh_parent.L
1.000000,0.000000,0.000005,0.000000
0.000001,-0.991647,-0.128978,0.000000
0.000005,0.128978,-0.991647,-0.000000
0.124900,-0.085872,-0.024993,1.000000

0.010000,-0.000000,-0.000000,0.000000
-0.000000,-0.000000,-0.010000,0.000000
0.000000,0.010000,-0.000000,-0.000000
-0.124900,-0.341897,0.866951,1.000000
93,thigh_fk.L
0.691018,0.706895,-0.150975,0.000000
0.082339,0.130527,0.988020,0.000000
0.718133,-0.695170,0.031992,-0.000000
0.000000,0.000000,-0.000000,1.000000

0.006910,0.000823,0.007181,0.000000
0.001510,-0.009880,-0.000320,0.000000
0.007069,0.001305,-0.006952,-0.000000
-0.458884,0.801652,0.175719,1.000000
94,shin_fk.L
1.000000,-0.000001,-0.000000,0.000000
0.000001,0.985928,-0.167172,0.000000
0.000001,0.167172,0.985928,-0.000000
-0.000000,0.316031,0.000000,1.000000

0.006910,-0.000389,0.007218,0.000000
0.001510,-0.009688,-0.001967,0.000000
0.007069,0.002449,-0.006636,-0.000000
-0.458884,0.449411,0.254428,1.000000
95,MCH-foot_fk.L
0.972567,-0.231213,0.025575,0.000000
0.232623,0.966673,-0.106913,0.000000
-0.000003,0.109930,0.993939,-0.000000
0.000000,0.242505,-0.000000,1.000000

0.006995,0.000460,0.007131,0.000000
0.003658,-0.008804,-0.003020,0.000000
0.006139,0.004721,-0.006326,-0.000000
-0.487628,0.066062,0.275633,1.000000
96,foot_fk.L
1.000000,0.000000,-0.000000,0.000000
0.000000,1.000000,-0.000000,0.000000
-0.000000,-0.000000,1.000000,-0.000000
0.000000,0.000000,-0.000000,1.000000

0.006995,0.000460,0.007131,0.000000
0.003658,-0.008804,-0.003020,0.000000
0.006139,0.004721,-0.006326,-0.000000
-0.487628,0.066062,0.275633,1.000000
97,thigh_ik.L
0.691019,0.706894,-0.150975,0.000000
0.082339,0.130527,0.988020,0.000000
0.718132,-0.695171,0.031992,-0.000000
0.000000,0.000000,-0.000000,1.000000

0.006910,0.000823,0.007181,0.000000
0.001510,-0.009880,-0.000320,0.000000
0.007069,0.001305,-0.006952,-0.000000
-0.458884,0.801652,0.175719,1.000000
98,MCH-thigh_ik_swing.L
0.998372,-0.039100,-0.041535,0.000000
0.035232,0.995309,-0.090100,0.000000
0.044863,0.088489,0.995066,-0.000000
0.000000,0.000000,-0.000000,1.000000

0.006581,0.000298,0.007523,0.000000
0.001555,-0.009831,-0.000970,0.000000
0.007367,0.001808,-0.006516,-0.000000
-0.468844,0.786724,0.212950,1.000000
99,MCH-thigh_ik.L
0.990167,0.000000,0.044188,0.000000
-0.008418,0.973002,0.188623,0.000000
-0.043378,-0.188810,0.972034,-0.000000
0.000000,0.000000,-0.000000,1.000000

0.006910,0.000823,0.007181,0.000000
0.001510,-0.009880,-0.000320,0.000000
0.007069,0.001305,-0.006952,-0.000000
-0.458884,0.801652,0.175719,1.000000
100,MCH-shin_ik.L
0.997273,0.000000,0.000000,0.000000
-0.000000,0.900895,-0.427716,0.000000
-0.000000,0.427716,0.900895,-0.000000
-0.000000,0.316032,0.000000,1.000000

0.006910,-0.000389,0.007218,0.000000
0.001510,-0.009688,-0.001967,0.000000
0.007069,0.002449,-0.006636,-0.000000
-0.458885,0.449411,0.254428,1.000000
101,MCH-thigh_ik2.L
0.980113,-0.157210,0.031147,0.000000
0.155995,0.980066,0.037992,0.000000
-0.036751,-0.032602,0.991914,-0.000000
0.000000,0.000000,-0.000000,1.000000

0.006910,0.000823,0.007181,0.000000
0.001510,-0.009880,-0.000320,0.000000
0.007069,0.001305,-0.006952,-0.000000
-0.458884,0.801652,0.175719,1.000000
102,MCH-shin_ik2.L
0.969357,-0.209569,0.063579,0.000000
0.167535,0.523806,-0.827752,0.000000
0.141044,0.818121,0.546259,-0.000000
-0.000000,0.552317,0.000000,1.000000

0.007026,-0.000642,0.007087,0.000000
0.003536,-0.008328,-0.004260,0.000000
0.006175,0.005499,-0.005624,-0.000000
-0.488941,0.050829,0.248944,1.000000
103,MCH-shin_ik3.L
0.985549,0.000000,0.000000,0.000000
-0.000000,0.981763,-0.086301,0.000000
-0.000000,0.086301,0.981763,-0.000000
0.000000,0.316031,-0.000000,1.000000

0.006910,-0.000389,0.007218,0.000000
0.001510,-0.009688,-0.001967,0.000000
0.007069,0.002449,-0.006636,-0.000000
-0.458884,0.449411,0.254428,1.000000
104,MCH-foot_ik3.L
0.971582,-0.233525,0.038665,0.000000
0.180880,0.627105,-0.757642,0.000000
0.152681,0.743105,0.651524,-0.000000
0.000000,0.242505,0.000000,1.000000

0.006995,0.000460,0.007131,0.000000
0.003658,-0.008804,-0.003020,0.000000
0.006139,0.004721,-0.006326,-0.000000
-0.487628,0.066062,0.275633,1.000000
105,foot_heel_ik.L
-0.284909,-0.135765,0.948891,0.000000
-0.259406,-0.942060,-0.212676,0.000000
0.922787,-0.306741,0.233183,-0.000000
-0.000000,0.252658,-0.000000,1.000000

0.007338,-0.000460,0.006778,0.000000
-0.002909,0.008804,0.003747,0.000000
-0.006139,-0.004721,0.006326,-0.000000
0.260868,0.186596,-0.495684,1.000000
106,MCH-thigh_ik_target.L
0.030026,-0.000001,0.999549,0.000000
-0.000002,-1.000000,-0.000001,0.000000
0.999549,-0.000002,-0.030026,-0.000000
0.000000,0.252658,-0.000000,1.000000

0.006995,0.000460,0.007131,0.000000
0.003658,-0.008804,-0.003020,0.000000
0.006139,0.004721,-0.006326,-0.000000
-0.487629,0.066062,0.275631,1.000000
107,MCH-thigh_tweak.L
0.686486,-0.721180,0.092933,0.000000
0.178536,0.043278,-0.982981,0.000000
0.704884,0.691395,0.158466,-0.000000
0.124900,-0.085872,-0.024993,1.000000

0.006910,0.000823,0.007181,0.000000
0.001510,-0.009880,-0.000320,0.000000
0.007069,0.001305,-0.006952,-0.000000
-0.458884,0.801645,0.175719,1.000000
108,thigh_tweak.L
1.000000,-0.000000,0.000001,0.000000
0.000000,1.000000,-0.000006,0.000000
-0.000001,0.000006,1.000000,-0.000000
0.000000,0.000000,-0.000000,1.000000

0.006910,0.000823,0.007181,0.000000
0.001510,-0.009880,-0.000320,0.000000
0.007069,0.001305,-0.006952,-0.000000
-0.458884,0.801645,0.175719,1.000000
109,DEF-thigh.L
0.689543,-0.724389,0.093346,0.000000
0.176960,0.042896,-0.974306,0.000000
0.708021,0.694474,0.159172,-0.000000
0.124900,-0.085872,-0.024993,1.000000

0.006910,0.000823,0.007181,0.000000
0.001510,-0.009880,-0.000320,0.000000
0.007069,0.001305,-0.006952,-0.000000
-0.458884,0.801645,0.175719,1.000000
110,DEF-thigh.L.001
0.999997,-0.000000,0.002299,0.000000
0.000000,1.000000,0.000000,0.000000
-0.002299,-0.000000,0.999997,-0.000000
-0.000000,0.158015,0.000000,1.000000

0.006910,0.000823,0.007181,0.000000
0.001510,-0.009880,-0.000320,0.000000
0.007069,0.001305,-0.006952,-0.000000
-0.458884,0.643631,0.175719,1.000000
111,DEF-shin.L
1.001364,0.000005,0.002355,0.000000
0.000999,0.898706,-0.426697,0.000000
-0.002135,0.430555,0.906826,-0.000000
-0.000000,0.158015,-0.000000,1.000000

0.006910,-0.000389,0.007218,0.000000
0.001510,-0.009688,-0.001967,0.000000
0.007069,0.002449,-0.006636,-0.000000
-0.458884,0.449407,0.254428,1.000000
112,DEF-shin.L.001
0.992639,0.000000,0.121114,0.000000
-0.000000,1.000000,-0.000000,0.000000
-0.121114,-0.000000,0.992639,-0.000000
-0.000000,0.121252,-0.000000,1.000000

0.006910,-0.000389,0.007218,0.000000
0.001510,-0.009688,-0.001967,0.000000
0.007069,0.002449,-0.006636,-0.000000
-0.458884,0.328155,0.254428,1.000000
113,DEF-foot.L
0.871184,-0.442789,0.248243,0.000000
0.494930,0.743968,-0.409899,0.000000
-0.003243,0.488571,0.882840,-0.000000
-0.000000,0.121252,0.000000,1.000000

0.006995,0.000460,0.007131,0.000000
0.003658,-0.008803,-0.003020,0.000000
0.006139,0.004721,-0.006326,-0.000000
-0.487628,0.066059,0.275632,1.000000
114,DEF-foot.L.001
0.989841,0.000000,-0.142176,0.000000
-0.000000,1.000000,-0.000000,0.000000
0.142176,0.000000,0.989841,-0.000000
0.000000,0.126328,-0.000000,1.000000

0.006995,0.000460,0.007131,0.000000
0.003658,-0.008803,-0.003020,0.000000
0.006139,0.004721,-0.006326,-0.000000
-0.487628,-0.060270,0.275632,1.000000
115,DEF-toe.L
0.733183,0.373948,0.557326,0.000000
-0.469108,-0.303031,0.820453,0.000000
0.488978,-0.887088,-0.048060,-0.000000
0.000000,0.126328,0.000000,1.000000

0.009351,0.000908,0.003426,0.000000
-0.002359,-0.005622,0.007927,0.000000
0.002646,-0.008220,-0.005042,-0.000000
-0.268880,0.502655,0.153669,1.000000
116,thigh_parent.R
0.994003,-0.072372,-0.081977,0.000000
-0.082338,-0.002003,-0.996602,0.000000
0.071961,0.997376,-0.007950,-0.000000
-0.124900,-0.085872,-0.024994,1.000000

0.009940,-0.000823,0.000720,0.000000
-0.000720,-0.009880,-0.001365,0.000000
0.000823,0.001305,-0.009880,-0.000000
0.158385,0.801645,0.465152,1.000000
117,MCH-thigh_parent.R
1.000000,0.000000,0.000005,0.000000
0.000001,-0.991647,-0.128978,0.000000
0.000005,0.128978,-0.991647,-0.000000
-0.124900,-0.085872,-0.024994,1.000000

0.010000,-0.000000,-0.000000,0.000000
-0.000000,-0.000000,-0.010000,0.000000
0.000000,0.010000,-0.000000,-0.000000
0.124900,-0.341897,0.866951,1.000000
118,thigh_fk.R
0.691017,-0.706895,0.150975,0.000000
-0.082339,0.130527,0.988020,0.000000
-0.718133,-0.695170,0.031991,-0.000000
0.000000,0.000000,-0.000000,1.000000

0.006910,-0.000823,-0.007181,0.000000
-0.001510,-0.009880,-0.000320,0.000000
-0.007069,0.001305,-0.006952,-0.000000
0.458884,0.801652,0.175719,1.000000
119,shin_fk.R
1.000000,0.000001,0.000000,0.000000
-0.000001,0.985928,-0.167173,0.000000
-0.000001,0.167173,0.985928,-0.000000
0.000000,0.316031,-0.000000,1.000000

0.006910,0.000389,-0.007218,0.000000
-0.001510,-0.009688,-0.001967,0.000000
-0.007069,0.002449,-0.006636,-0.000000
0.458884,0.449411,0.254428,1.000000
120,MCH-foot_fk.R
0.972567,0.231213,-0.025575,0.000000
-0.232623,0.966673,-0.106913,0.000000
0.000003,0.109930,0.993939,-0.000000
-0.000000,0.242505,0.000000,1.000000

0.006995,-0.000460,-0.007131,0.000000
-0.003658,-0.008804,-0.003020,0.000000
-0.006139,0.004721,-0.006326,-0.000000
0.487628,0.066062,0.275633,1.000000
121,foot_fk.R
1.000000,0.000000,-0.000000,0.000000
0.000000,1.000000,-0.000000,0.000000
-0.000000,-0.000000,1.000000,-0.000000
0.000000,0.000000,-0.000000,1.000000

0.006995,-0.000460,-0.007131,0.000000
-0.003658,-0.008804,-0.003020,0.000000
-0.006139,0.004721,-0.006326,-0.000000
0.487628,0.066062,0.275633,1.000000
122,thigh_ik.R
0.691018,-0.706895,0.150975,0.000000
-0.082339,0.130526,0.988020,0.000000
-0.718132,-0.695171,0.031991,-0.000000
0.000000,0.000000,-0.000000,1.000000

0.006910,-0.000823,-0.007181,0.000000
-0.001510,-0.009880,-0.000320,0.000000
-0.007069,0.001305,-0.006952,-0.000000
0.458884,0.801652,0.175719,1.000000
123,MCH-thigh_ik_swing.R
0.998374,0.039304,0.041284,0.000000
-0.034878,0.994076,-0.102937,0.000000
-0.045085,0.101330,0.993831,-0.000000
0.000000,0.000000,-0.000000,1.000000

0.006581,-0.000298,-0.007523,0.000000
-0.001555,-0.009831,-0.000970,0.000000
-0.007367,0.001808,-0.006516,-0.000000
0.468844,0.786724,0.212950,1.000000
124,MCH-thigh_ik.R
0.988680,-0.000000,-0.044121,0.000000
0.009640,0.965755,0.216009,0.000000
0.043055,-0.216224,0.964794,-0.000000
0.000000,0.000000,-0.000000,1.000000

0.006910,-0.000823,-0.007181,0.000000
-0.001510,-0.009880,-0.000320,0.000000
-0.007069,0.001305,-0.006952,-0.000000
0.458884,0.801652,0.175719,1.000000
125,MCH-shin_ik.R
0.996805,-0.000000,-0.000000,0.000000
0.000000,0.869980,-0.486574,0.000000
0.000000,0.486574,0.869980,-0.000000
-0.000000,0.316032,-0.000000,1.000000

0.006910,0.000389,-0.007218,0.000000
