0,RootNode
1.000000,0.000000,-0.000000,0.000000
0.000000,1.000000,-0.000000,0.000000
-0.000000,-0.000000,1.000000,-0.000000
0.000000,0.000000,-0.000000,1.000000

1.000000,0.000000,0.000000,0.000000
0.000000,1.000000,0.000000,0.000000
0.000000,0.000000,1.000000,0.000000
0.000000,0.000000,0.000000,1.000000
1,tongue
1.000000,0.000000,-0.000000,0.000000
0.000000,1.000000,-0.000000,0.000000
-0.000000,-0.000000,1.000000,-0.000000
0.000000,0.000000,-0.000000,1.000000

1.000000,0.000000,0.000000,0.000000
0.000000,1.000000,0.000000,0.000000
0.000000,0.000000,1.000000,0.000000
0.000000,0.000000,0.000000,1.000000
2,body
1.000000,0.000000,-0.000000,0.000000
0.000000,1.000000,-0.000000,0.000000
-0.000000,-0.000000,1.000000,-0.000000
0.000000,0.000000,-0.000000,1.000000

1.000000,0.000000,0.000000,0.000000
0.000000,1.000000,0.000000,0.000000
0.000000,0.000000,1.000000,0.000000
0.000000,0.000000,0.000000,1.000000
3,root
1.000000,0.000000,-0.000000,0.000000
0.000000,1.000000,-0.000000,0.000000
-0.000000,-0.000000,1.000000,-0.000000
0.000000,0.000000,-0.000000,1.000000

1.000000,0.000000,0.000000,0.000000
0.000000,1.000000,0.000000,0.000000
0.000000,0.000000,1.000000,0.000000
0.000000,0.000000,0.000000,1.000000
4,root.x
1.000000,-0.000197,-0.000200,0.000000
-0.000209,-0.045896,-0.998946,0.000000
0.000187,0.998946,-0.045896,-0.000000
0.002517,75.827866,32.385838,1.000000

1.000000,0.000000,0.000003,0.000000
-0.000003,-0.045696,0.998955,0.000000
0.000000,-0.998955,-0.045696,-0.000000
0.000232,35.965057,-83.973984,1.000000
5,c_tail_00.x
0.986027,0.015076,0.165903,0.000000
-0.141016,-0.454667,0.879428,0.000000
0.088689,-0.890534,-0.446188,-0.000000
-0.005810,-7.344415,9.379249,1.000000

1.000000,0.000000,0.000000,0.000000
0.000000,0.883497,-0.468437,0.000000
-0.000000,0.468437,0.883497,-0.000000
-0.000002,-102.410271,10.160136,1.000000
6,c_tail_01.x
0.993077,0.088821,-0.076864,0.000000
-0.112839,0.903159,-0.414211,0.000000
0.032630,0.420017,0.906930,-0.000000
0.000004,13.932450,-0.000005,1.000000

1.000000,0.000000,0.000000,0.000000
0.000000,0.990538,-0.137236,0.000000
-0.000000,0.137236,0.990538,-0.000000
0.000007,-112.777626,-30.332573,1.000000
7,c_tail_02.x
0.998408,0.042461,-0.037130,0.000000
-0.055634,0.849778,-0.524196,0.000000
0.009295,0.525427,0.850788,-0.000000
-0.000004,14.175252,-0.000004,1.000000

1.000000,-0.000000,0.000212,0.000000
-0.000066,0.950400,0.311032,0.000000
-0.000201,-0.311032,0.950400,-0.000000
0.017554,-100.794014,-82.931679,1.000000
8,c_tail_03.x
0.994019,0.105630,0.027718,0.000000
-0.090678,0.939783,-0.329524,0.000000
-0.060857,0.325040,0.943740,-0.000000
-0.000004,14.401663,-0.000002,1.000000

1.000000,0.000000,0.000000,0.000000
-0.000000,0.843867,0.536553,0.000000
-0.000000,-0.536554,0.843866,-0.000000
0.000026,-91.089333,-108.859695,1.000000
9,c_thigh_b.l
0.548630,0.577131,-0.604917,0.000000
0.295669,-0.810705,-0.505308,0.000000
-0.782039,0.098372,-0.615417,-0.000000
1.336283,5.158156,5.119079,1.000000

0.273564,0.394411,-0.877270,0.000000
-0.648822,-0.597638,-0.471018,0.000000
-0.710065,0.698046,0.092410,-0.000000
77.161102,34.979122,41.327824,1.000000
10,thigh_stretch.l
0.120258,-0.967693,-0.221603,0.000000
0.908368,0.017205,0.417817,0.000000
-0.400506,-0.251542,0.881091,-0.000000
-0.000006,28.012032,-0.000006,1.000000

-0.123865,0.048002,-0.991137,0.000000
0.240089,-0.967703,-0.076871,0.000000
-0.962816,-0.247482,0.108340,-0.000000
28.235283,82.129158,12.959036,1.000000
11,leg_stretch.l
0.003147,0.999995,0.000001,0.000000
-0.999995,0.003147,-0.000001,0.000000
-0.000001,-0.000001,1.000000,-0.000000
-0.000006,35.075562,-0.000004,1.000000

-0.002975,0.132419,-0.991190,0.000000
-0.799965,-0.595074,-0.077099,0.000000
-0.600040,0.792687,0.107701,-0.000000
54.298691,-7.877388,12.992710,1.000000
12,foot.l
0.103396,0.037635,-0.993928,0.000000
0.821096,0.560738,0.106649,0.000000
0.561347,-0.827138,0.027076,-0.000000
-0.000006,20.433783,0.000001,1.000000

0.997272,0.066113,0.032846,0.000000
0.067655,-0.996540,-0.048282,0.000000
0.029540,0.050372,-0.998293,-0.000000
-20.193676,23.684937,54.313145,1.000000
13,toes_01.l
0.981778,0.115797,0.150678,0.000000
-0.148009,-0.031360,0.988489,0.000000
0.119189,-0.992778,-0.013650,-0.000000
0.000002,27.070013,-0.000005,1.000000

0.991671,-0.117391,0.052997,0.000000
-0.056494,-0.026668,0.998047,0.000000
-0.115749,-0.992728,-0.033078,-0.000000
-12.024179,56.784981,0.220264,1.000000
14,leg_twist.l
0.985367,-0.000000,0.170448,0.000000
0.000000,1.000000,-0.000000,0.000000
-0.170448,0.000000,0.985367,-0.000000
0.000001,10.216895,0.000002,1.000000

-0.003379,0.132419,-0.991188,0.000000
-0.799996,-0.595073,-0.076773,0.000000
-0.599996,0.792687,0.107946,-0.000000
54.303963,-18.094282,12.970591,1.000000
15,thigh_twist.l
0.999004,0.000001,-0.044626,0.000000
-0.000001,1.000000,-0.000000,0.000000
0.044626,0.000000,0.999004,-0.000000
0.000000,0.000000,-0.000000,1.000000

-0.123679,0.048002,-0.991161,0.000000
0.240103,-0.967702,-0.076826,0.000000
-0.962837,-0.247482,0.108160,-0.000000
28.232862,82.129150,12.964338,1.000000
16,c_thigh_b.r
0.358064,-0.916585,0.177939,0.000000
-0.494011,-0.347692,-0.796909,0.000000
0.792302,0.197440,-0.577299,-0.000000
-1.325252,5.413684,5.071883,1.000000

0.273564,-0.394411,0.877270,0.000000
0.648822,-0.597638,-0.471018,0.000000
0.710065,0.698046,0.092410,-0.000000
-77.161110,34.979145,41.327808,1.000000
17,thigh_stretch.r
0.154536,0.850807,0.502241,0.000000
-0.947361,-0.016669,0.319734,0.000000
0.280403,-0.525214,0.803445,-0.000000
-0.000001,28.012045,0.000005,1.000000

-0.124042,-0.048002,0.991115,0.000000
-0.240075,-0.967703,-0.076914,0.000000
0.962797,-0.247482,0.108512,-0.000000
-28.237602,82.129173,12.953999,1.000000
18,leg_stretch.r
-0.287640,-0.957739,0.000000,0.000000
0.957739,-0.287640,-0.000001,0.000000
0.000001,0.000000,1.000000,-0.000000
-0.000001,35.075573,0.000001,1.000000

-0.003379,-0.132419,0.991188,0.000000
0.799996,-0.595074,-0.076773,0.000000
0.599996,0.792687,0.107946,-0.000000
-54.303978,-7.877379,12.970594,1.000000
19,foot.r
-0.000195,0.087378,0.996175,0.000000
-0.595484,0.800285,-0.070312,0.000000
-0.803367,-0.593220,0.051876,-0.000000
-0.000001,20.433781,0.000001,1.000000

0.997271,-0.066113,-0.032846,0.000000
-0.067655,-0.996540,-0.048282,0.000000
-0.029540,0.050373,-0.998294,-0.000000
20.193670,23.684919,54.313164,1.000000
20,toes_01.r
0.981670,-0.116195,-0.151070,0.000000
0.148391,-0.031419,0.988429,0.000000
-0.119597,-0.992729,-0.013600,-0.000000
0.000000,27.070013,0.000004,1.000000

0.991671,0.117391,-0.052995,0.000000
0.056493,-0.026668,0.998047,0.000000
0.115749,-0.992728,-0.033078,-0.000000
12.024198,56.784973,0.220281,1.000000
21,leg_twist.r
0.996893,-0.000000,-0.078773,0.000000
0.000000,1.000000,0.000000,0.000000
0.078773,-0.000000,0.996893,-0.000000
-0.000006,10.216885,-0.000003,1.000000

-0.003379,-0.132420,0.991188,0.000000
0.799996,-0.595074,-0.076773,0.000000
0.599996,0.792687,0.107946,-0.000000
-54.303974,-18.094282,12.970592,1.000000
22,thigh_twist.r
0.961996,-0.000000,-0.273064,0.000000
0.000000,1.000000,-0.000000,0.000000
0.273064,-0.000000,0.961996,-0.000000
0.000000,0.000000,-0.000000,1.000000

-0.123459,-0.048002,0.991188,0.000000
-0.240120,-0.967703,-0.076773,0.000000
0.962861,-0.247482,0.107946,-0.000000
-28.229980,82.129158,12.970613,1.000000
23,spine_01.x
1.000000,-0.000209,0.000189,0.000000
0.000203,0.999514,0.031158,0.000000
-0.000195,-0.031158,0.999514,-0.000000
0.002516,24.087973,0.002403,1.000000

1.000000,0.000000,-0.000001,0.000000
0.000001,-0.014749,0.999891,0.000000
-0.000000,-0.999891,-0.014749,-0.000000
-0.000087,9.271731,-84.301407,1.000000
24,spine_02.x
1.000000,0.000000,-0.000001,0.000000
0.000000,0.973360,0.229282,0.000000
0.000001,-0.229282,0.973360,-0.000000
0.000000,25.430405,0.000001,1.000000

0.999992,0.004012,-0.000190,0.000000
-0.000680,0.215741,0.976450,0.000000
0.003958,-0.976442,0.215742,-0.000000
0.126029,-35.124229,-78.320518,1.000000
25,spine_03.x
1.000000,-0.000000,0.000000,0.000000
-0.000000,0.991717,0.128442,0.000000
-0.000000,-0.128442,0.991717,-0.000000
-0.000000,22.557892,0.000002,1.000000

0.999993,-0.003795,0.000051,0.000000
0.001694,0.458261,0.888816,0.000000
-0.003396,-0.888809,0.458265,-0.000000
-0.374354,-75.706444,-60.988632,1.000000
26,c_subneck_1.x
1.000000,-0.000001,0.000002,0.000000
-0.000001,0.749910,0.661539,0.000000
-0.000002,-0.661539,0.749910,-0.000000
0.000000,23.673544,-0.000008,1.000000

1.000000,-0.000001,-0.000003,0.000000
0.000002,0.932277,0.361746,0.000000
0.000002,-0.361745,0.932277,-0.000000
-0.000095,-114.897995,20.261900,1.000000
27,neck.x
1.000000,0.000001,-0.000000,0.000000
-0.000001,0.993970,-0.109653,0.000000
0.000000,0.109653,0.993970,-0.000000
0.000000,18.788891,-0.000003,1.000000

1.000000,-0.000002,-0.000003,0.000000
0.000003,0.886988,0.461791,0.000000
0.000002,-0.461791,0.886988,-0.000000
-0.000174,-135.102493,5.480494,1.000000
28,head.x
1.000000,-0.000020,-0.000014,0.000000
0.000000,0.577926,-0.816089,0.000000
0.000024,0.816089,0.577926,-0.000000
-0.084329,14.360477,-1.844000,1.000000

0.999998,0.000001,0.002122,0.000000
-0.002103,0.135751,0.990740,0.000000
-0.000287,-0.990743,0.135751,-0.000000
0.254072,-91.432083,-119.627899,1.000000
29,c_skull_01.x
0.000022,0.000012,-1.000000,0.000000
-0.000013,-1.000000,-0.000012,0.000000
-1.000000,0.000013,-0.000022,-0.000000
-0.000000,31.632761,0.000011,1.000000

0.000345,-0.000014,-1.000000,0.000000
-0.990741,-0.135763,-0.000340,0.000000
-0.135763,0.990741,-0.000061,-0.000000
119.626678,123.066391,0.039604,1.000000
30,c_jawbone.x
-0.000774,-0.000154,-1.000000,0.000000
0.219595,-0.975591,-0.000019,0.000000
-0.975591,-0.219595,0.000789,-0.000000
0.312692,15.558390,-0.000201,1.000000

1.000005,0.000032,-0.000786,0.000000
0.000786,-0.083584,0.996500,0.000000
-0.000033,-0.996501,-0.083584,-0.000000
-0.107345,-78.897758,-139.889053,1.000000
31,c_lips_bot.l
0.000238,0.999609,0.027947,0.000000
0.000589,-0.027947,0.999609,0.000000
1.000000,-0.000221,-0.000595,-0.000000
5.888572,15.792231,1.067446,1.000000

0.000363,0.018008,0.999844,0.000000
-0.037978,0.999117,-0.017981,0.000000
-0.999279,-0.037965,0.001047,-0.000000
-101.032059,-136.571915,-3.392602,1.000000
32,c_lips_bot.r
-0.000139,-0.999620,-0.027547,0.000000
0.000986,-0.027547,0.999620,0.000000
-1.000000,0.000112,0.000990,-0.000000
-5.887908,15.791895,1.076678,1.000000

-0.000272,0.018005,-0.999843,0.000000
0.037976,0.999117,0.017981,0.000000
0.999279,-0.037965,-0.000957,-0.000000
101.028549,-136.359787,-8.372315,1.000000
33,c_lips_bot.x
0.000161,0.997353,-0.072706,0.000000
0.000583,0.072706,0.997353,0.000000
1.000000,-0.000203,-0.000570,-0.000000
0.000904,18.113367,0.876580,1.000000

0.000380,0.018026,0.999843,0.000000
-0.138457,0.990208,-0.017799,0.000000
-0.990369,-0.138428,0.002873,-0.000000
-89.093903,-145.881134,2.663180,1.000000
34,c_lips_bot_01.l
0.000241,0.999609,0.027948,0.000000
0.000588,-0.027948,0.999609,0.000000
1.000000,-0.000224,-0.000594,-0.000000
7.462245,11.676174,0.789582,1.000000

0.000372,0.018008,0.999844,0.000000
-0.037977,0.999117,-0.017981,0.000000
-0.999279,-0.037964,0.001057,-0.000000
-96.908363,-136.511917,-4.968334,1.000000
35,c_lips_bot_01.r
-0.000136,-0.999620,-0.027548,0.000000
0.000984,-0.027548,0.999620,0.000000
-1.000000,0.000109,0.000987,-0.000000
-7.461741,11.675707,0.801336,1.000000

-0.000263,0.018004,-0.999844,0.000000
0.037975,0.999117,0.017981,0.000000
0.999279,-0.037964,-0.000948,-0.000000
96.903877,-136.243179,-9.942057,1.000000
36,tong_01.x
1.000000,-0.000057,0.000749,0.000000
0.000032,0.999456,0.032992,0.000000
-0.000751,-0.032992,0.999455,-0.000000
0.001666,7.511102,2.286655,1.000000

1.000005,0.000038,-0.001537,0.000000
0.001538,-0.050662,0.998715,0.000000
-0.000039,-0.998716,-0.050662,-0.000000
-0.210640,-91.052475,-139.247345,1.000000
37,tong_02.x
0.999999,0.000040,-0.001110,0.000000
-0.000101,0.998471,-0.055286,0.000000
0.001106,0.055286,0.998470,-0.000000
-0.000000,4.804247,-0.000000,1.000000

1.000006,0.000022,-0.000427,0.000000
0.000427,-0.105800,0.994387,0.000000
-0.000022,-0.994388,-0.105800,-0.000000
-0.059885,-88.011703,-144.334091,1.000000
38,tong_03.x
1.000000,0.000024,-0.000212,0.000000
-0.000050,0.992542,-0.121902,0.000000
0.000208,0.121902,0.992542,-0.000000
0.000000,5.074963,0.000024,1.000000

1.000006,0.000024,-0.000213,0.000000
0.000213,-0.226229,0.974074,0.000000
-0.000024,-0.974075,-0.226228,-0.000000
-0.031509,-74.797798,-154.605133,1.000000
39,c_lips_smile.l
-0.000195,-1.000000,-0.000251,0.000000
-1.000000,0.000194,0.000199,0.000000
-0.000199,0.000251,-1.000000,-0.000000
0.955719,8.019221,-8.734922,1.000000

0.000547,0.000001,1.000000,0.000000
0.135757,0.990742,-0.000075,0.000000
-0.990742,0.135757,0.000542,-0.000000
-115.051048,-118.671692,-8.671738,1.000000
40,c_lips_corner_mini.l
1.000000,-0.000062,0.000006,0.000000
0.000062,1.000000,-0.000001,0.000000
-0.000006,0.000001,1.000000,-0.000000
0.000008,0.049457,-0.008619,1.000000

0.000071,0.000000,1.000000,0.000000
0.135697,0.990750,-0.000010,0.000000
-0.990750,0.135697,0.000070,-0.000000
-115.039696,-118.728142,-8.718028,1.000000
41,c_lips_smile.r
-0.000206,1.000000,0.000146,0.000000
-1.000000,-0.000206,-0.000198,0.000000
-0.000198,-0.000146,1.000000,-0.000000
0.955719,8.019470,8.734703,1.000000

0.000523,-0.000002,-1.000000,0.000000
-0.135757,0.990742,-0.000073,0.000000
0.990742,0.135757,0.000518,-0.000000
115.050835,-118.671715,-8.674423,1.000000
42,c_lips_corner_mini.r
1.000000,0.000062,-0.000006,0.000000
-0.000062,1.000000,-0.000002,0.000000
0.000006,0.000002,1.000000,-0.000000
-0.000017,0.049437,-0.008618,1.000000

0.000046,0.000000,-1.000000,0.000000
-0.135697,0.990750,-0.000006,0.000000
0.990750,0.135697,0.000046,-0.000000
115.039444,-118.728127,-8.720898,1.000000
43,c_lips_top.l
-0.000204,-1.000000,-0.000251,0.000000
-1.000000,0.000204,0.000198,0.000000
-0.000198,0.000251,-1.000000,-0.000000
-0.664223,-3.692868,-6.584957,1.000000

0.000547,0.000002,1.000000,0.000000
0.135767,0.990741,-0.000076,0.000000
-0.990741,0.135768,0.000542,-0.000000
-126.763283,-120.290443,-6.515379,1.000000
44,c_lips_top.r
-0.000196,1.000000,0.000146,0.000000
-1.000000,-0.000196,-0.000198,0.000000
-0.000198,-0.000146,1.000000,-0.000000
-0.664230,-3.692700,6.585066,1.000000

0.000522,-0.000002,-1.000000,0.000000
-0.135767,0.990741,-0.000073,0.000000
0.990740,0.135767,0.000517,-0.000000
126.763084,-120.290405,-6.518543,1.000000
45,c_lips_top.x
0.342285,-0.939596,-0.000250,0.000000
-0.939596,-0.342286,0.000203,0.000000
-0.000276,0.000165,-1.000000,-0.000000
-1.139878,-8.763528,-0.000725,1.000000

0.000386,0.018036,0.999837,0.000000
-0.194489,0.980746,-0.017617,0.000000
-0.980905,-0.194451,0.003886,-0.000000
-85.281509,-157.106796,2.866128,1.000000
46,c_lips_top_01.l
-0.000178,-1.000000,-0.000251,0.000000
-1.000000,0.000178,0.000198,0.000000
-0.000198,0.000251,-1.000000,-0.000000
-0.147552,2.143901,-7.923253,1.000000

0.000065,0.000002,1.000000,0.000000
0.135742,0.990744,-0.000011,0.000000
-0.990744,0.135743,0.000064,-0.000000
-120.920364,-119.776848,-7.915084,1.000000
47,c_lips_top_01.r
-0.000222,1.000000,0.000146,0.000000
-1.000000,-0.000222,-0.000198,0.000000
-0.000198,-0.000146,1.000000,-0.000000
-0.147545,2.144097,7.923200,1.000000

0.000040,-0.000002,-1.000000,0.000000
-0.135742,0.990744,-0.000008,0.000000
0.990744,0.135743,0.000040,-0.000000
120.920166,-119.776810,-7.918087,1.000000
48,c_skull_02.x
1.000000,-0.000000,-0.000000,0.000000
0.000000,1.000000,-0.000009,0.000000
0.000000,0.000009,1.000000,-0.000000
-0.000000,31.632776,-0.000004,1.000000

1.000000,0.000001,0.000021,0.000000
-0.000021,0.135742,0.990744,0.000000
-0.000001,-0.990744,0.135742,-0.000000
0.002751,-123.063850,-119.629318,1.000000
49,c_ear_01.l
0.998629,0.006756,0.051910,0.000000
-0.052345,0.118353,0.991591,0.000000
0.000556,-0.992949,0.118545,-0.000000
7.496790,-26.282978,19.955690,1.000000

0.998630,-0.052324,0.000557,0.000000
0.052326,0.998479,-0.017338,0.000000
0.000351,0.017344,0.999849,-0.000000
-15.383546,-149.473206,79.547249,1.000000
50,c_ear_02.l
0.996258,0.016897,-0.084759,0.000000
-0.032351,0.982315,-0.184418,0.000000
0.080144,0.186470,0.979186,-0.000000
0.000000,4.790598,-0.000001,1.000000

0.993962,-0.083808,0.070823,0.000000
0.070471,0.982326,0.173404,0.000000
-0.084104,-0.167365,0.982301,-0.000000
-24.675018,-165.708008,47.893005,1.000000
51,c_ear_01.r
0.998631,-0.006753,-0.051867,0.000000
0.052302,0.118354,0.991593,0.000000
-0.000558,-0.992949,0.118545,-0.000000
-7.497566,-26.282986,19.955368,1.000000

0.998630,0.052324,-0.000557,0.000000
-0.052326,0.998480,-0.017338,0.000000
-0.000351,0.017343,0.999850,-0.000000
15.383547,-149.473282,79.547203,1.000000
52,c_ear_02.r
0.996258,-0.016897,0.084759,0.000000
0.032351,0.982315,-0.184418,0.000000
-0.080144,0.186470,0.979186,-0.000000
0.000003,4.790613,0.000004,1.000000

0.993962,0.083808,-0.070823,0.000000
-0.070471,0.982326,0.173404,0.000000
0.084104,-0.167365,0.982301,-0.000000
24.675020,-165.708054,47.893013,1.000000
53,c_nose_01.x
-1.000000,-0.000001,-0.000848,0.000000
-0.000002,1.000000,0.000411,0.000000
0.000848,0.000411,-1.000000,-0.000000
-0.000171,9.851525,7.342028,1.000000

-1.000000,0.000000,0.000827,0.000000
-0.000819,0.135753,-0.990742,0.000000
-0.000112,-0.990742,-0.135753,-0.000000
0.105000,-132.916748,126.969803,1.000000
54,c_nose_02.x
1.000000,0.000050,-0.000729,0.000000
-0.000050,1.000000,0.000009,0.000000
0.000729,-0.000009,1.000000,-0.000000
-0.000953,1.453727,-1.151991,1.000000

-0.999992,0.000050,0.004045,0.000000
-0.004001,0.135745,-0.990736,0.000000
-0.000598,-0.990744,-0.135744,-0.000000
0.511595,-134.369385,128.121948,1.000000
55,c_nose_03.x
-1.000000,0.000048,-0.000120,0.000000
0.000048,1.000000,0.000412,0.000000
0.000120,0.000412,-1.000000,-0.000000
-0.000409,8.489582,12.267244,1.000000

-1.000000,0.000050,0.000098,0.000000
-0.000090,0.135754,-0.990743,0.000000
-0.000063,-0.990742,-0.135754,-0.000000
0.006270,-131.554977,131.894989,1.000000
56,c_skull_03.x
1.000000,-0.000000,-0.000000,0.000000
0.000000,1.000000,-0.000018,0.000000
0.000000,0.000018,1.000000,-0.000000
-0.000000,32.008904,-0.000004,1.000000

1.000000,0.000001,0.000021,0.000000
-0.000021,0.135733,0.990746,0.000000
-0.000001,-0.990745,0.135733,-0.000000
0.002749,-123.438881,-119.630455,1.000000
57,c_thigh_b_dupli_001.l
0.955358,-0.017567,0.294929,0.000000
0.228745,0.675772,-0.700720,0.000000
-0.186995,0.736901,0.649622,-0.000000
11.245299,9.173578,-1.443187,1.000000

0.996763,0.077601,-0.021024,0.000000
0.078784,-0.890613,0.447885,0.000000
0.016032,-0.448092,-0.893844,-0.000000
-17.670858,59.303326,-84.016441,1.000000
58,thigh_stretch_dupli_001.l
0.392306,-0.651119,0.649723,0.000000
0.080550,-0.679316,-0.729412,0.000000
0.916301,0.338488,-0.214052,-0.000000
0.000002,24.062649,-0.000000,1.000000

0.125117,0.108122,0.986233,0.000000
0.677612,-0.735400,-0.005341,0.000000
0.724698,0.668951,-0.165275,-0.000000
-6.575686,89.843758,-22.311094,1.000000
59,leg_stretch_dupli_001.l
0.004416,0.999990,0.000001,0.000000
-0.999990,0.004416,0.000000,0.000000
0.000000,-0.000001,1.000000,-0.000000
0.000014,23.010029,-0.000006,1.000000

0.163219,-0.026532,0.986233,0.000000
-0.128922,-0.991640,-0.005341,0.000000
0.978130,-0.126275,-0.165276,-0.000000
47.025665,47.943455,-22.311092,1.000000
60,foot_dupli_001.l
-0.033403,0.104743,-0.993938,0.000000
0.684097,0.727414,0.053666,0.000000
0.728626,-0.678157,-0.095952,-0.000000
0.000004,31.390471,0.000000,1.000000

-0.999694,0.019694,0.014938,0.000000
-0.021898,-0.985954,-0.165577,0.000000
0.011468,-0.165854,0.986083,-0.000000
15.798490,13.859466,50.413502,1.000000
61,toes_01_dupli_001.l
-0.999460,0.024918,0.021433,0.000000
-0.008109,0.444999,-0.895494,0.000000
-0.031851,-0.895184,-0.444557,-0.000000
0.000003,20.945915,-0.000010,1.000000

0.999942,-0.000579,0.010735,0.000000
-0.010725,-0.122931,0.992357,0.000000
0.000745,-0.992415,-0.122930,-0.000000
-15.122894,-50.462505,-8.134155,1.000000
62,leg_twist_dupli_001.l
0.998592,0.000000,0.053053,0.000000
-0.000000,1.000000,-0.000000,0.000000
-0.053053,0.000000,0.998592,-0.000000
-0.000002,15.695245,-0.000000,1.000000

0.163219,-0.026532,0.986233,0.000000
-0.128922,-0.991640,-0.005341,0.000000
0.978130,-0.126275,-0.165276,-0.000000
47.025665,32.248238,-22.311092,1.000000
63,thigh_twist_dupli_001.l
0.999823,-0.000001,-0.018799,0.000000
0.000001,1.000000,-0.000000,0.000000
0.018799,0.000000,0.999823,-0.000000
0.000000,0.000000,-0.000000,1.000000

0.125221,0.108122,0.986220,0.000000
0.677612,-0.735400,-0.005413,0.000000
0.724681,0.668952,-0.165352,-0.000000
-6.578055,89.843765,-22.310400,1.000000
64,c_thigh_b_dupli_001.r
0.985603,-0.036599,-0.165066,0.000000
-0.142740,0.343143,-0.928374,0.000000
0.090619,0.938570,0.332978,-0.000000
-11.245297,9.173588,-1.443173,1.000000

0.996775,-0.077601,0.020441,0.000000
-0.078522,-0.890613,0.447931,0.000000
-0.016555,-0.448092,-0.893834,-0.000000
17.621706,59.303318,-84.026772,1.000000
65,thigh_stretch_dupli_001.r
0.251286,0.943416,-0.216383,0.000000
-0.033208,-0.215021,-0.976045,0.000000
-0.967343,0.252452,-0.022703,-0.000000
-0.000003,24.062662,0.000002,1.000000

0.125117,-0.108122,-0.986233,0.000000
-0.677612,-0.735400,-0.005341,0.000000
-0.724698,0.668952,-0.165276,-0.000000
6.575689,89.843773,-22.311104,1.000000
66,leg_stretch_dupli_001.r
0.305536,-0.952181,-0.000002,0.000000
0.952181,0.305536,0.000001,0.000000
-0.000000,-0.000002,1.000000,-0.000000
0.000005,23.010059,0.000002,1.000000

0.163219,0.026532,-0.986233,0.000000
0.128922,-0.991640,-0.005341,0.000000
-0.978130,-0.126275,-0.165275,-0.000000
-47.025669,47.943462,-22.311081,1.000000
67,foot_dupli_001.r
-0.099342,-0.080239,0.991813,0.000000
0.156941,0.983005,0.095245,0.000000
-0.982599,0.165118,-0.085061,-0.000000
-0.000008,31.390501,-0.000002,1.000000

-0.999695,-0.019694,-0.014938,0.000000
0.021898,-0.985954,-0.165577,0.000000
-0.011467,-0.165854,0.986084,-0.000000
-15.798486,13.859481,50.413517,1.000000
68,toes_01_dupli_001.r
-0.999460,-0.024918,-0.021433,0.000000
0.008109,0.445002,-0.895493,0.000000
0.031852,-0.895183,-0.444559,-0.000000
0.000001,20.945917,-0.000001,1.000000

0.999947,0.000579,-0.010338,0.000000
0.010331,-0.122931,0.992361,0.000000
-0.000697,-0.992415,-0.122931,-0.000000
15.126127,-50.462502,-8.128204,1.000000
69,leg_twist_dupli_001.r
0.998312,-0.000001,-0.058077,0.000000
0.000001,1.000000,0.000000,0.000000
0.058077,-0.000000,0.998312,-0.000000
-0.000009,15.695238,-0.000001,1.000000

0.163219,0.026532,-0.986233,0.000000
0.128922,-0.991640,-0.005341,0.000000
-0.978130,-0.126275,-0.165275,-0.000000
-47.025665,32.248245,-22.311083,1.000000
70,thigh_twist_dupli_001.r
0.995826,0.000000,0.091277,0.000000
-0.000000,1.000000,0.000000,0.000000
-0.091277,-0.000000,0.995826,-0.000000
0.000000,0.000000,-0.000000,1.000000

0.125117,-0.108122,-0.986233,0.000000
-0.677612,-0.735400,-0.005341,0.000000
-0.724698,0.668952,-0.165276,-0.000000
6.575703,89.843773,-22.311098,1.000000


tongue
bigdog
3.988019,134.755981,-102.252945,36,37,38,0,0.781854,0.129825,0.088321,0.000000
1.329342,135.111420,-97.147331,36,37,0,0,0.980112,0.019888,0.000000,0.000000
1.329342,134.755981,-102.252945,36,37,38,0,0.780667,0.200602,0.018731,0.000000
-1.329334,134.755981,-102.252945,36,37,38,0,0.749485,0.226007,0.024508,0.000000
-3.988012,135.111420,-97.147331,36,37,0,0,0.988459,0.011541,0.000000,0.000000
-3.988012,134.755981,-102.252945,36,37,38,0,0.774633,0.148905,0.076462,0.000000
0.000004,134.108688,-102.191399,37,36,0,0,0.701127,0.298873,0.000000,0.000000
1.329342,135.111420,-97.147331,36,37,0,0,0.980112,0.019888,0.000000,0.000000
0.000004,134.464096,-97.085793,36,37,0,0,0.973014,0.026986,0.000000,0.000000
1.329342,132.673676,-112.855186,38,0,0,0,1.000000,0.000000,0.000000,0.000000
0.000004,133.379440,-108.031128,37,38,36,0,0.536569,0.458495,0.004935,0.000000
0.000004,132.475174,-112.836319,38,0,0,0,1.000000,0.000000,0.000000,0.000000
-2.957173,132.753693,-112.013702,38,37,0,0,0.923453,0.076547,0.000000,0.000000
-1.329334,134.023239,-108.092331,38,37,36,0,0.754959,0.219176,0.025865,0.000000
-3.988012,134.040573,-107.898491,38,37,36,0,0.457766,0.455727,0.086507,0.000000
3.988019,134.040573,-107.898491,38,37,36,0,0.546789,0.378376,0.074835,0.000000
1.329342,134.755981,-102.252945,36,37,38,0,0.780667,0.200602,0.018731,0.000000
1.329342,134.023239,-108.092331,38,37,36,0,0.747296,0.223106,0.029597,0.000000
2.957181,132.753693,-112.013702,38,37,0,0,0.909268,0.090732,0.000000,0.000000
1.329342,134.023239,-108.092331,38,37,36,0,0.747296,0.223106,0.029597,0.000000
1.329342,132.673676,-112.855186,38,0,0,0,1.000000,0.000000,0.000000,0.000000
1.329342,134.023239,-108.092331,38,37,36,0,0.747296,0.223106,0.029597,0.000000
0.000004,134.108688,-102.191399,37,36,0,0,0.701127,0.298873,0.000000,0.000000
0.000004,133.379440,-108.031128,37,38,36,0,0.536569,0.458495,0.004935,0.000000
-1.329334,134.755981,-102.252945,36,37,38,0,0.749485,0.226007,0.024508,0.000000
-3.988012,134.040573,-107.898491,38,37,36,0,0.457766,0.455727,0.086507,0.000000
-1.329334,134.023239,-108.092331,38,37,36,0,0.754959,0.219176,0.025865,0.000000
-1.329334,132.673676,-112.855186,38,37,0,0,0.991314,0.008686,0.000000,0.000000
0.000004,133.379440,-108.031128,37,38,36,0,0.536569,0.458495,0.004935,0.000000
-1.329334,134.023239,-108.092331,38,37,36,0,0.754959,0.219176,0.025865,0.000000
0.000004,134.108688,-102.191399,37,36,0,0,0.701127,0.298873,0.000000,0.000000
-1.329334,135.111420,-97.147331,36,37,0,0,0.983445,0.016555,0.000000,0.000000
-1.329334,134.755981,-102.252945,36,37,38,0,0.749485,0.226007,0.024508,0.000000
-1.329334,134.023239,-108.092331,38,37,36,0,0.754959,0.219176,0.025865,0.000000
0.000004,134.108688,-102.191399,37,36,0,0,0.701127,0.298873,0.000000,0.000000
-1.329334,134.755981,-102.252945,36,37,38,0,0.749485,0.226007,0.024508,0.000000
-2.957173,132.753693,-112.013702,38,37,0,0,0.923453,0.076547,0.000000,0.000000
-3.979126,133.641006,-107.818054,37,38,36,0,0.491685,0.408411,0.099904,0.000000
-2.937596,132.365494,-111.896149,38,37,0,0,0.918956,0.081044,0.000000,0.000000
2.957181,132.753693,-112.013702,38,37,0,0,0.909268,0.090732,0.000000,0.000000
1.395837,132.279236,-112.751274,38,37,0,0,0.977163,0.022837,0.000000,0.000000
2.937604,132.365494,-111.896149,38,37,0,0,0.910818,0.089182,0.000000,0.000000
3.988019,135.111420,-97.147331,36,37,0,0,0.987647,0.012353,0.000000,0.000000
3.987750,134.351685,-102.213417,36,37,38,0,0.793833,0.116791,0.089376,0.000000
3.988019,134.706329,-97.119125,36,37,0,0,0.989925,0.010075,0.000000,0.000000
-2.957173,132.753693,-112.013702,38,37,0,0,0.923453,0.076547,0.000000,0.000000
-1.395829,132.279236,-112.751274,38,37,0,0,0.972306,0.027694,0.000000,0.000000
-1.329334,132.673676,-112.855186,38,37,0,0,0.991314,0.008686,0.000000,0.000000
0.000004,132.475174,-112.836319,38,0,0,0,1.000000,0.000000,0.000000,0.000000
1.395837,132.279236,-112.751274,38,37,0,0,0.977163,0.022837,0.000000,0.000000
1.329342,132.673676,-112.855186,38,0,0,0,1.000000,0.000000,0.000000,0.000000
-3.988012,135.111420,-97.147331,36,37,0,0,0.988459,0.011541,0.000000,0.000000
-3.987742,134.351685,-102.213417,36,37,38,0,0.789280,0.133325,0.077395,0.000000
-3.988012,134.755981,-102.252945,36,37,38,0,0.774633,0.148905,0.076462,0.000000
-3.988012,134.755981,-102.252945,36,37,38,0,0.774633,0.148905,0.076462,0.000000
-3.979126,133.641006,-107.818054,37,38,36,0,0.491685,0.408411,0.099904,0.000000
-3.988012,134.040573,-107.898491,38,37,36,0,0.457766,0.455727,0.086507,0.000000
2.957181,132.753693,-112.013702,38,37,0,0,0.909268,0.090732,0.000000,0.000000
3.979134,133.641006,-107.818054,38,37,36,0,0.531884,0.386714,0.081402,0.000000
3.988019,134.040573,-107.898491,38,37,36,0,0.546789,0.378376,0.074835,0.000000
3.988019,134.755981,-102.252945,36,37,38,0,0.781854,0.129825,0.088321,0.000000
3.979134,133.641006,-107.818054,38,37,36,0,0.531884,0.386714,0.081402,0.000000
3.987750,134.351685,-102.213417,36,37,38,0,0.793833,0.116791,0.089376,0.000000
0.000004,132.475174,-112.836319,38,0,0,0,1.000000,0.000000,0.000000,0.000000
-1.395829,132.279236,-112.751274,38,37,0,0,0.972306,0.027694,0.000000,0.000000
0.000004,132.060745,-112.738693,38,37,0,0,0.992131,0.007869,0.000000,0.000000
0.000004,133.840912,-102.142685,36,38,37,0,0.728311,0.140500,0.131189,0.000000
3.988019,134.706329,-97.119125,36,37,0,0,0.989925,0.010075,0.000000,0.000000
3.987750,134.351685,-102.213417,36,37,38,0,0.793833,0.116791,0.089376,0.000000
-3.988012,134.706329,-97.119125,36,37,0,0,0.991363,0.008637,0.000000,0.000000
0.000004,133.840912,-102.142685,36,38,37,0,0.728311,0.140500,0.131189,0.000000
-3.987742,134.351685,-102.213417,36,37,38,0,0.789280,0.133325,0.077395,0.000000
0.000004,133.840912,-102.142685,36,38,37,0,0.728311,0.140500,0.131189,0.000000
3.979134,133.641006,-107.818054,38,37,36,0,0.531884,0.386714,0.081402,0.000000
0.000004,133.151749,-107.863815,38,37,36,0,0.520795,0.297318,0.181887,0.000000
-3.979126,133.641006,-107.818054,37,38,36,0,0.491685,0.408411,0.099904,0.000000
0.000004,133.840912,-102.142685,36,38,37,0,0.728311,0.140500,0.131189,0.000000
0.000004,133.151749,-107.863815,38,37,36,0,0.520795,0.297318,0.181887,0.000000
0.000004,133.151749,-107.863815,38,37,36,0,0.520795,0.297318,0.181887,0.000000
2.937604,132.365494,-111.896149,38,37,0,0,0.910818,0.089182,0.000000,0.000000
0.000004,132.150299,-111.995316,38,37,36,0,0.903586,0.071111,0.025303,0.000000
-2.937596,132.365494,-111.896149,38,37,0,0,0.918956,0.081044,0.000000,0.000000
0.000004,133.151749,-107.863815,38,37,36,0,0.520795,0.297318,0.181887,0.000000
0.000004,132.150299,-111.995316,38,37,36,0,0.903586,0.071111,0.025303,0.000000
0.000004,132.150299,-111.995316,38,37,36,0,0.903586,0.071111,0.025303,0.000000
1.395837,132.279236,-112.751274,38,37,0,0,0.977163,0.022837,0.000000,0.000000
0.000004,132.060745,-112.738693,38,37,0,0,0.992131,0.007869,0.000000,0.000000
-1.395829,132.279236,-112.751274,38,37,0,0,0.972306,0.027694,0.000000,0.000000
0.000004,132.150299,-111.995316,38,37,36,0,0.903586,0.071111,0.025303,0.000000
0.000004,132.060745,-112.738693,38,37,0,0,0.992131,0.007869,0.000000,0.000000
3.988019,134.755981,-102.252945,36,37,38,0,0.781854,0.129825,0.088321,0.000000
3.988019,135.111420,-97.147331,36,37,0,0,0.987647,0.012353,0.000000,0.000000
1.329342,135.111420,-97.147331,36,37,0,0,0.980112,0.019888,0.000000,0.000000
-1.329334,134.755981,-102.252945,36,37,38,0,0.749485,0.226007,0.024508,0.000000
-1.329334,135.111420,-97.147331,36,37,0,0,0.983445,0.016555,0.000000,0.000000
-3.988012,135.111420,-97.147331,36,37,0,0,0.988459,0.011541,0.000000,0.000000
0.000004,134.108688,-102.191399,37,36,0,0,0.701127,0.298873,0.000000,0.000000
1.329342,134.755981,-102.252945,36,37,38,0,0.780667,0.200602,0.018731,0.000000
1.329342,135.111420,-97.147331,36,37,0,0,0.980112,0.019888,0.000000,0.000000
1.329342,132.673676,-112.855186,38,0,0,0,1.000000,0.000000,0.000000,0.000000
1.329342,134.023239,-108.092331,38,37,36,0,0.747296,0.223106,0.029597,0.000000
0.000004,133.379440,-108.031128,37,38,36,0,0.536569,0.458495,0.004935,0.000000
-2.957173,132.753693,-112.013702,38,37,0,0,0.923453,0.076547,0.000000,0.000000
-1.329334,132.673676,-112.855186,38,37,0,0,0.991314,0.008686,0.000000,0.000000
-1.329334,134.023239,-108.092331,38,37,36,0,0.754959,0.219176,0.025865,0.000000
3.988019,134.040573,-107.898491,38,37,36,0,0.546789,0.378376,0.074835,0.000000
3.988019,134.755981,-102.252945,36,37,38,0,0.781854,0.129825,0.088321,0.000000
1.329342,134.755981,-102.252945,36,37,38,0,0.780667,0.200602,0.018731,0.000000
2.957181,132.753693,-112.013702,38,37,0,0,0.909268,0.090732,0.000000,0.000000
3.988019,134.040573,-107.898491,38,37,36,0,0.546789,0.378376,0.074835,0.000000
1.329342,134.023239,-108.092331,38,37,36,0,0.747296,0.223106,0.029597,0.000000
1.329342,134.023239,-108.092331,38,37,36,0,0.747296,0.223106,0.029597,0.000000
1.329342,134.755981,-102.252945,36,37,38,0,0.780667,0.200602,0.018731,0.000000
0.000004,134.108688,-102.191399,37,36,0,0,0.701127,0.298873,0.000000,0.000000
-1.329334,134.755981,-102.252945,36,37,38,0,0.749485,0.226007,0.024508,0.000000
-3.988012,134.755981,-102.252945,36,37,38,0,0.774633,0.148905,0.076462,0.000000
-3.988012,134.040573,-107.898491,38,37,36,0,0.457766,0.455727,0.086507,0.000000
-1.329334,132.673676,-112.855186,38,37,0,0,0.991314,0.008686,0.000000,0.000000
0.000004,132.475174,-112.836319,38,0,0,0,1.000000,0.000000,0.000000,0.000000
0.000004,133.379440,-108.031128,37,38,36,0,0.536569,0.458495,0.004935,0.000000
0.000004,134.108688,-102.191399,37,36,0,0,0.701127,0.298873,0.000000,0.000000
0.000004,134.464096,-97.085793,36,37,0,0,0.973014,0.026986,0.000000,0.000000
-1.329334,135.111420,-97.147331,36,37,0,0,0.983445,0.016555,0.000000,0.000000
-1.329334,134.023239,-108.092331,38,37,36,0,0.754959,0.219176,0.025865,0.000000
0.000004,133.379440,-108.031128,37,38,36,0,0.536569,0.458495,0.004935,0.000000
0.000004,134.108688,-102.191399,37,36,0,0,0.701127,0.298873,0.000000,0.000000
-2.957173,132.753693,-112.013702,38,37,0,0,0.923453,0.076547,0.000000,0.000000
-3.988012,134.040573,-107.898491,38,37,36,0,0.457766,0.455727,0.086507,0.000000
-3.979126,133.641006,-107.818054,37,38,36,0,0.491685,0.408411,0.099904,0.000000
2.957181,132.753693,-112.013702,38,37,0,0,0.909268,0.090732,0.000000,0.000000
1.329342,132.673676,-112.855186,38,0,0,0,1.000000,0.000000,0.000000,0.000000
1.395837,132.279236,-112.751274,38,37,0,0,0.977163,0.022837,0.000000,0.000000
3.988019,135.111420,-97.147331,36,37,0,0,0.987647,0.012353,0.000000,0.000000
3.988019,134.755981,-102.252945,36,37,38,0,0.781854,0.129825,0.088321,0.000000
3.987750,134.351685,-102.213417,36,37,38,0,0.793833,0.116791,0.089376,0.000000
-2.957173,132.753693,-112.013702,38,37,0,0,0.923453,0.076547,0.000000,0.000000
-2.937596,132.365494,-111.896149,38,37,0,0,0.918956,0.081044,0.000000,0.000000
-1.395829,132.279236,-112.751274,38,37,0,0,0.972306,0.027694,0.000000,0.000000
0.000004,132.475174,-112.836319,38,0,0,0,1.000000,0.000000,0.000000,0.000000
0.000004,132.060745,-112.738693,38,37,0,0,0.992131,0.007869,0.000000,0.000000
1.395837,132.279236,-112.751274,38,37,0,0,0.977163,0.022837,0.000000,0.000000
-3.988012,135.111420,-97.147331,36,37,0,0,0.988459,0.011541,0.000000,0.000000
-3.988012,134.706329,-97.119125,36,37,0,0,0.991363,0.008637,0.000000,0.000000
-3.987742,134.351685,-102.213417,36,37,38,0,0.789280,0.133325,0.077395,0.000000
-3.988012,134.755981,-102.252945,36,37,38,0,0.774633,0.148905,0.076462,0.000000
-3.987742,134.351685,-102.213417,36,37,38,0,0.789280,0.133325,0.077395,0.000000
-3.979126,133.641006,-107.818054,37,38,36,0,0.491685,0.408411,0.099904,0.000000
2.957181,132.753693,-112.013702,38,37,0,0,0.909268,0.090732,0.000000,0.000000
2.937604,132.365494,-111.896149,38,37,0,0,0.910818,0.089182,0.000000,0.000000
3.979134,133.641006,-107.818054,38,37,36,0,0.531884,0.386714,0.081402,0.000000
3.988019,134.755981,-102.252945,36,37,38,0,0.781854,0.129825,0.088321,0.000000
3.988019,134.040573,-107.898491,38,37,36,0,0.546789,0.378376,0.074835,0.000000
3.979134,133.641006,-107.818054,38,37,36,0,0.531884,0.386714,0.081402,0.000000
0.000004,132.475174,-112.836319,38,0,0,0,1.000000,0.000000,0.000000,0.000000
-1.329334,132.673676,-112.855186,38,37,0,0,0.991314,0.008686,0.000000,0.000000
-1.395829,132.279236,-112.751274,38,37,0,0,0.972306,0.027694,0.000000,0.000000
0.000004,133.840912,-102.142685,36,38,37,0,0.728311,0.140500,0.131189,0.000000
0.000004,133.942276,-97.119125,36,0,0,0,1.000000,0.000000,0.000000,0.000000
3.988019,134.706329,-97.119125,36,37,0,0,0.989925,0.010075,0.000000,0.000000
-3.988012,134.706329,-97.119125,36,37,0,0,0.991363,0.008637,0.000000,0.000000
0.000004,133.942276,-97.119125,36,0,0,0,1.000000,0.000000,0.000000,0.000000
0.000004,133.840912,-102.142685,36,38,37,0,0.728311,0.140500,0.131189,0.000000
0.000004,133.840912,-102.142685,36,38,37,0,0.728311,0.140500,0.131189,0.000000
3.987750,134.351685,-102.213417,36,37,38,0,0.793833,0.116791,0.089376,0.000000
3.979134,133.641006,-107.818054,38,37,36,0,0.531884,0.386714,0.081402,0.000000
-3.979126,133.641006,-107.818054,37,38,36,0,0.491685,0.408411,0.099904,0.000000
-3.987742,134.351685,-102.213417,36,37,38,0,0.789280,0.133325,0.077395,0.000000
0.000004,133.840912,-102.142685,36,38,37,0,0.728311,0.140500,0.131189,0.000000
0.000004,133.151749,-107.863815,38,37,36,0,0.520795,0.297318,0.181887,0.000000
3.979134,133.641006,-107.818054,38,37,36,0,0.531884,0.386714,0.081402,0.000000
2.937604,132.365494,-111.896149,38,37,0,0,0.910818,0.089182,0.000000,0.000000
-2.937596,132.365494,-111.896149,38,37,0,0,0.918956,0.081044,0.000000,0.000000
-3.979126,133.641006,-107.818054,37,38,36,0,0.491685,0.408411,0.099904,0.000000
0.000004,133.151749,-107.863815,38,37,36,0,0.520795,0.297318,0.181887,0.000000
0.000004,132.150299,-111.995316,38,37,36,0,0.903586,0.071111,0.025303,0.000000
2.937604,132.365494,-111.896149,38,37,0,0,0.910818,0.089182,0.000000,0.000000
1.395837,132.279236,-112.751274,38,37,0,0,0.977163,0.022837,0.000000,0.000000
-1.395829,132.279236,-112.751274,38,37,0,0,0.972306,0.027694,0.000000,0.000000
-2.937596,132.365494,-111.896149,38,37,0,0,0.918956,0.081044,0.000000,0.000000
0.000004,132.150299,-111.995316,38,37,36,0,0.903586,0.071111,0.025303,0.000000


body
bigdog
13.800663,58.235020,7.152708,4,23,10,9,0.269075,0.268392,0.250003,0.212529
17.292303,66.820473,17.545738,4,10,9,15,0.313454,0.301092,0.288629,0.096824
16.766331,65.095062,5.605006,23,4,10,9,0.278577,0.260797,0.247835,0.212791
11.484367,101.186180,20.372953,4,23,5,9,0.320297,0.280985,0.234845,0.163873
18.057140,93.656174,32.296505,9,22,23,16,0.371043,0.329825,0.149972,0.149161
11.567835,98.868866,34.075333,5,23,9,22,0.303283,0.296335,0.237687,0.162694
11.217726,101.924286,8.000512,23,4,24,0,0.560273,0.401382,0.038345,0.000000
18.550856,96.944466,18.881874,4,16,9,23,0.275418,0.271796,0.247441,0.205345
11.484367,101.186180,20.372953,4,23,5,9,0.320297,0.280985,0.234845,0.163873
10.703382,102.776451,-18.869135,24,23,26,57,0.663480,0.157587,0.138186,0.040747
16.169802,99.222778,-30.077393,24,26,57,23,0.512083,0.256921,0.175615,0.055381
16.260450,97.342232,-19.786386,24,23,26,57,0.659288,0.156760,0.128199,0.055753
4.266783,114.206734,-87.657318,28,30,26,27,0.526459,0.203802,0.184532,0.085206
9.352227,108.449493,-82.140091,28,26,27,25,0.323996,0.268133,0.219201,0.188670
9.210830,114.846024,-86.683563,28,30,26,27,0.519812,0.213699,0.185298,0.081192
10.297783,156.416107,-77.907829,49,27,50,0,0.890162,0.062187,0.047650,0.000000
10.428800,157.599136,-73.249130,49,50,27,0,0.843546,0.096371,0.060083,0.000000
9.331836,162.472702,-78.135483,50,49,27,0,0.868154,0.103400,0.028446,0.000000
17.379065,52.544815,-37.461803,24,58,59,66,0.344928,0.313838,0.287675,0.053559
9.214914,41.810310,-42.376892,59,62,24,58,0.541018,0.317525,0.070797,0.070660
5.245087,52.123672,-38.375244,58,24,59,66,0.377194,0.312914,0.224625,0.085267
5.717633,102.848473,-5.452383,23,24,4,26,0.688498,0.193205,0.096632,0.021665
10.703382,102.776451,-18.869135,24,23,26,57,0.663480,0.157587,0.138186,0.040747
10.985451,102.105804,-5.468262,23,24,4,9,0.685541,0.205174,0.086787,0.022498
7.856819,73.477646,52.780323,16,9,22,15,0.308218,0.298471,0.236524,0.156787
17.742796,60.269890,50.060093,10,16,15,9,0.443429,0.316266,0.151345,0.088960
8.383613,59.282898,53.697041,10,16,15,22,0.512578,0.208594,0.195932,0.082895
4.266783,114.206734,-87.657318,28,30,26,27,0.526459,0.203802,0.184532,0.085206
9.164965,117.219810,-91.848862,28,30,26,40,0.460604,0.366885,0.103887,0.068624
4.500186,117.219818,-91.848862,28,30,26,27,0.483381,0.295216,0.136187,0.085216
5.245087,52.123672,-38.375244,58,24,59,66,0.377194,0.312914,0.224625,0.085267
14.053398,53.037827,-22.932915,24,23,10,4,0.272954,0.270250,0.240959,0.215838
17.379065,52.544815,-37.461803,24,58,59,66,0.344928,0.313838,0.287675,0.053559
18.834532,61.426888,28.204430,10,9,15,4,0.429341,0.359545,0.141200,0.069913
17.233753,43.208408,30.519602,10,11,9,14,0.377843,0.373983,0.141231,0.106943
20.484440,42.569363,38.611504,11,10,14,9,0.463048,0.351963,0.139609,0.045380
5.444858,103.432961,-18.866606,24,26,23,57,0.672087,0.156419,0.153435,0.018059
