0,RootNode
1.000000,0.000000,-0.000000,0.000000
0.000000,1.000000,-0.000000,0.000000
-0.000000,-0.000000,1.000000,-0.000000
0.000000,0.000000,-0.000000,1.000000

1.000000,0.000000,0.000000,0.000000
0.000000,1.000000,0.000000,0.000000
0.000000,0.000000,1.000000,0.000000
0.000000,0.000000,0.000000,1.000000
1,tongue
1.000000,0.000000,-0.000000,0.000000
0.000000,1.000000,-0.000000,0.000000
-0.000000,-0.000000,1.000000,-0.000000
0.000000,0.000000,-0.000000,1.000000

1.000000,0.000000,0.000000,0.000000
0.000000,1.000000,0.000000,0.000000
0.000000,0.000000,1.000000,0.000000
0.000000,0.000000,0.000000,1.000000
2,body
1.000000,0.000000,-0.000000,0.000000
0.000000,1.000000,-0.000000,0.000000
-0.000000,-0.000000,1.000000,-0.000000
0.000000,0.000000,-0.000000,1.000000

1.000000,0.000000,0.000000,0.000000
0.000000,1.000000,0.000000,0.000000
0.000000,0.000000,1.000000,0.000000
0.000000,0.000000,0.000000,1.000000
3,root
1.000000,0.000000,-0.000000,0.000000
0.000000,1.000000,-0.000000,0.000000
-0.000000,-0.000000,1.000000,-0.000000
0.000000,0.000000,-0.000000,1.000000

1.000000,0.000000,0.000000,0.000000
0.000000,1.000000,0.000000,0.000000
0.000000,0.000000,1.000000,0.000000
0.000000,0.000000,0.000000,1.000000
4,root.x
1.000000,-0.000197,-0.000200,0.000000
-0.000209,-0.045896,-0.998946,0.000000
0.000187,0.998946,-0.045896,-0.000000
0.002517,75.827866,32.385838,1.000000

1.000000,0.000000,0.000003,0.000000
-0.000003,-0.045696,0.998955,0.000000
0.000000,-0.998955,-0.045696,-0.000000
0.000232,35.965057,-83.973984,1.000000
5,c_tail_00.x
0.986027,0.015076,0.165903,0.000000
-0.141016,-0.454667,0.879427,0.000000
0.088689,-0.890534,-0.446187,-0.000000
-0.005810,-7.344411,9.379249,1.000000

1.000000,-0.000000,0.000000,0.000000
0.000000,0.883497,-0.468436,0.000000
-0.000000,0.468437,0.883497,-0.000000
-0.000002,-102.410263,10.160110,1.000000
6,c_tail_01.x
0.993077,0.088821,-0.076864,0.000000
-0.112839,0.903159,-0.414211,0.000000
0.032630,0.420017,0.906930,-0.000000
0.000003,13.932452,-0.000005,1.000000

1.000000,-0.000000,0.000000,0.000000
0.000000,0.990538,-0.137236,0.000000
-0.000000,0.137236,0.990538,-0.000000
0.000007,-112.777603,-30.332567,1.000000
7,c_tail_02.x
0.998408,0.042461,-0.037130,0.000000
-0.055634,0.849778,-0.524196,0.000000
0.009295,0.525428,0.850788,-0.000000
-0.000006,14.175251,-0.000005,1.000000

1.000000,-0.000000,0.000212,0.000000
-0.000066,0.950399,0.311032,0.000000
-0.000201,-0.311031,0.950399,-0.000000
0.017554,-100.793976,-82.931664,1.000000
8,c_tail_03.x
0.994019,0.105630,0.027718,0.000000
-0.090678,0.939783,-0.329524,0.000000
-0.060857,0.325040,0.943740,-0.000000
-0.000003,14.401660,-0.000002,1.000000

1.000000,0.000000,0.000000,0.000000
-0.000000,0.843866,0.536553,0.000000
-0.000000,-0.536553,0.843866,-0.000000
0.000026,-91.089279,-108.859665,1.000000
9,c_thigh_b.l
0.548630,0.577131,-0.604917,0.000000
0.295670,-0.810705,-0.505309,0.000000
-0.782039,0.098372,-0.615417,-0.000000
1.336283,5.158158,5.119080,1.000000

0.273564,0.394412,-0.877269,0.000000
-0.648822,-0.597638,-0.471018,0.000000
-0.710065,0.698046,0.092410,-0.000000
77.161095,34.979122,41.327835,1.000000
10,thigh_stretch.l
0.120258,-0.967693,-0.221603,0.000000
0.908368,0.017205,0.417817,0.000000
-0.400506,-0.251543,0.881091,-0.000000
-0.000005,28.012035,-0.000009,1.000000

-0.123865,0.048002,-0.991137,0.000000
0.240089,-0.967703,-0.076871,0.000000
-0.962816,-0.247482,0.108340,-0.000000
28.235273,82.129189,12.959047,1.000000
11,leg_stretch.l
0.003147,0.999995,0.000001,0.000000
-0.999995,0.003147,-0.000001,0.000000
-0.000001,-0.000001,1.000000,-0.000000
-0.000013,35.075577,-0.000004,1.000000

-0.002975,0.132420,-0.991189,0.000000
-0.799965,-0.595074,-0.077099,0.000000
-0.600040,0.792687,0.107702,-0.000000
54.298698,-7.877372,12.992706,1.000000
12,foot.l
0.103396,0.037635,-0.993928,0.000000
0.821096,0.560738,0.106649,0.000000
0.561347,-0.827138,0.027076,-0.000000
0.000004,20.433775,-0.000000,1.000000

0.997271,0.066113,0.032845,0.000000
0.067655,-0.996540,-0.048282,0.000000
0.029540,0.050372,-0.998293,-0.000000
-20.193674,23.684959,54.313164,1.000000
13,toes_01.l
0.981778,0.115797,0.150678,0.000000
-0.148009,-0.031360,0.988489,0.000000
0.119189,-0.992778,-0.013650,-0.000000
-0.000004,27.070023,-0.000014,1.000000

0.991670,-0.117392,0.052996,0.000000
-0.056494,-0.026669,0.998047,0.000000
-0.115749,-0.992728,-0.033078,-0.000000
-12.024185,56.784973,0.220272,1.000000
14,leg_twist.l
0.985367,-0.000000,0.170448,0.000000
0.000000,1.000000,-0.000000,0.000000
-0.170448,0.000000,0.985367,-0.000000
0.000010,10.216886,0.000004,1.000000

-0.003379,0.132420,-0.991188,0.000000
-0.799996,-0.595073,-0.076773,0.000000
-0.599996,0.792687,0.107946,-0.000000
54.303978,-18.094276,12.970591,1.000000
15,thigh_twist.l
0.999004,0.000001,-0.044626,0.000000
-0.000001,1.000000,-0.000000,0.000000
0.044626,0.000000,0.999004,-0.000000
0.000000,0.000000,-0.000000,1.000000

-0.123680,0.048002,-0.991161,0.000000
0.240103,-0.967703,-0.076826,0.000000
-0.962836,-0.247482,0.108159,-0.000000
28.232864,82.129196,12.964338,1.000000
16,c_thigh_b.r
0.358064,-0.916585,0.177939,0.000000
-0.494011,-0.347692,-0.796909,0.000000
0.792302,0.197440,-0.577299,-0.000000
-1.325252,5.413688,5.071883,1.000000

0.273564,-0.394411,0.877270,0.000000
0.648822,-0.597638,-0.471018,0.000000
0.710065,0.698046,0.092411,-0.000000
-77.161110,34.979141,41.327816,1.000000
17,thigh_stretch.r
0.154536,0.850807,0.502241,0.000000
-0.947361,-0.016669,0.319734,0.000000
0.280403,-0.525214,0.803445,-0.000000
-0.000003,28.012051,0.000004,1.000000

-0.124042,-0.048002,0.991116,0.000000
-0.240075,-0.967703,-0.076914,0.000000
0.962797,-0.247482,0.108512,-0.000000
-28.237593,82.129166,12.953996,1.000000
18,leg_stretch.r
-0.287640,-0.957738,0.000001,0.000000
0.957738,-0.287640,-0.000001,0.000000
0.000001,0.000000,1.000000,-0.000000
0.000008,35.075573,0.000001,1.000000

-0.003379,-0.132420,0.991188,0.000000
0.799996,-0.595074,-0.076773,0.000000
0.599996,0.792687,0.107946,-0.000000
-54.303974,-7.877383,12.970593,1.000000
19,foot.r
-0.000195,0.087378,0.996175,0.000000
-0.595484,0.800284,-0.070312,0.000000
-0.803367,-0.593220,0.051876,-0.000000
0.000001,20.433781,-0.000000,1.000000

0.997272,-0.066113,-0.032846,0.000000
-0.067655,-0.996540,-0.048282,0.000000
-0.029540,0.050373,-0.998294,-0.000000
20.193665,23.684933,54.313171,1.000000
20,toes_01.r
0.981670,-0.116195,-0.151070,0.000000
0.148391,-0.031419,0.988429,0.000000
-0.119597,-0.992729,-0.013600,-0.000000
0.000001,27.070015,0.000004,1.000000

0.991671,0.117391,-0.052995,0.000000
0.056493,-0.026668,0.998047,0.000000
0.115749,-0.992728,-0.033078,-0.000000
12.024196,56.784977,0.220274,1.000000
21,leg_twist.r
0.996893,-0.000000,-0.078773,0.000000
0.000000,1.000000,0.000000,0.000000
0.078773,-0.000000,0.996893,-0.000000
-0.000002,10.216886,-0.000003,1.000000

-0.003379,-0.132420,0.991188,0.000000
0.799996,-0.595074,-0.076773,0.000000
0.599996,0.792687,0.107946,-0.000000
-54.303974,-18.094288,12.970588,1.000000
22,thigh_twist.r
0.961996,-0.000000,-0.273064,0.000000
0.000000,1.000000,-0.000000,0.000000
0.273064,-0.000000,0.961996,-0.000000
0.000000,0.000000,-0.000000,1.000000

-0.123459,-0.048002,0.991188,0.000000
-0.240120,-0.967703,-0.076773,0.000000
0.962861,-0.247482,0.107945,-0.000000
-28.229988,82.129143,12.970612,1.000000
23,spine_01.x
1.000000,-0.000209,0.000189,0.000000
0.000203,0.999514,0.031158,0.000000
-0.000195,-0.031158,0.999514,-0.000000
0.002516,24.087973,0.002403,1.000000

1.000000,0.000000,-0.000001,0.000000
0.000001,-0.014749,0.999891,0.000000
-0.000000,-0.999891,-0.014749,-0.000000
-0.000087,9.271730,-84.301399,1.000000
24,spine_02.x
1.000000,0.000000,-0.000001,0.000000
0.000000,0.973360,0.229282,0.000000
0.000001,-0.229282,0.973360,-0.000000
0.000000,25.430401,0.000001,1.000000

0.999992,0.004012,-0.000190,0.000000
-0.000680,0.215741,0.976450,0.000000
0.003958,-0.976442,0.215742,-0.000000
0.126029,-35.124226,-78.320518,1.000000
25,spine_03.x
1.000000,-0.000000,0.000000,0.000000
-0.000000,0.991717,0.128442,0.000000
-0.000000,-0.128442,0.991717,-0.000000
-0.000000,22.557888,0.000001,1.000000

0.999993,-0.003795,0.000051,0.000000
0.001694,0.458262,0.888816,0.000000
-0.003396,-0.888809,0.458265,-0.000000
-0.374354,-75.706444,-60.988640,1.000000
26,c_subneck_1.x
1.000000,-0.000001,0.000002,0.000000
-0.000001,0.749911,0.661539,0.000000
-0.000002,-0.661539,0.749911,-0.000000
0.000000,23.673538,-0.000004,1.000000

1.000000,-0.000001,-0.000003,0.000000
0.000002,0.932277,0.361746,0.000000
0.000002,-0.361746,0.932277,-0.000000
-0.000095,-114.898026,20.261843,1.000000
27,neck.x
1.000000,0.000001,-0.000000,0.000000
-0.000001,0.993970,-0.109652,0.000000
0.000000,0.109652,0.993970,-0.000000
-0.000000,18.788895,-0.000003,1.000000

1.000000,-0.000002,-0.000003,0.000000
0.000003,0.886989,0.461791,0.000000
0.000002,-0.461791,0.886989,-0.000000
-0.000174,-135.102493,5.480541,1.000000
28,head.x
1.000000,-0.000020,-0.000014,0.000000
0.000000,0.577926,-0.816089,0.000000
0.000024,0.816089,0.577926,-0.000000
-0.084329,14.360470,-1.843992,1.000000

0.999998,0.000001,0.002122,0.000000
-0.002103,0.135751,0.990741,0.000000
-0.000287,-0.990743,0.135751,-0.000000
0.254072,-91.432121,-119.627960,1.000000
29,c_skull_01.x
0.000022,0.000012,-1.000000,0.000000
-0.000010,-1.000000,-0.000012,0.000000
-1.000000,0.000010,-0.000022,-0.000000
-0.000000,31.632759,0.000015,1.000000

0.000345,-0.000014,-1.000000,0.000000
-0.990741,-0.135763,-0.000340,0.000000
-0.135763,0.990741,-0.000061,-0.000000
119.626701,123.066383,0.039607,1.000000
30,c_jawbone.x
-0.000775,-0.000152,-1.000000,0.000000
0.216498,-0.976283,-0.000019,0.000000
-0.976283,-0.216498,0.000789,-0.000000
0.312698,15.558386,-0.000201,1.000000

0.999994,0.000034,-0.000786,0.000000
0.000786,-0.083584,0.996501,0.000000
-0.000033,-0.996500,-0.083584,-0.000000
-0.107368,-78.897713,-139.889053,1.000000
31,c_lips_bot.l
0.000238,0.999609,0.027947,0.000000
0.000589,-0.027947,0.999609,0.000000
1.000000,-0.000221,-0.000595,-0.000000
5.888503,15.792243,1.067458,1.000000

0.000365,0.018008,0.999832,0.000000
-0.037978,0.999117,-0.017981,0.000000
-0.999278,-0.037965,0.001047,-0.000000
-101.032036,-136.571960,-3.392555,1.000000
32,c_lips_bot.r
-0.000139,-0.999620,-0.027547,0.000000
0.000985,-0.027547,0.999620,0.000000
-1.000000,0.000112,0.000989,-0.000000
-5.887838,15.791875,1.076687,1.000000

-0.000275,0.018004,-0.999832,0.000000
0.037976,0.999117,0.017980,0.000000
0.999278,-0.037965,-0.000957,-0.000000
101.028481,-136.359848,-8.372138,1.000000
33,c_lips_bot.x
0.000161,0.997353,-0.072706,0.000000
0.000583,0.072706,0.997353,0.000000
1.000000,-0.000203,-0.000570,-0.000000
0.000904,18.113367,0.876593,1.000000

0.000382,0.018025,0.999831,0.000000
-0.138457,0.990208,-0.017799,0.000000
-0.990368,-0.138428,0.002873,-0.000000
-89.093857,-145.881119,2.663148,1.000000
34,c_lips_bot_01.l
0.000241,0.999609,0.027948,0.000000
0.000589,-0.027948,0.999609,0.000000
1.000000,-0.000224,-0.000595,-0.000000
7.462157,11.676195,0.789586,1.000000

0.000375,0.018008,0.999832,0.000000
-0.037977,0.999117,-0.017981,0.000000
-0.999278,-0.037964,0.001057,-0.000000
-96.908363,-136.511841,-4.968168,1.000000
35,c_lips_bot_01.r
-0.000136,-0.999620,-0.027548,0.000000
0.000985,-0.027548,0.999620,0.000000
-1.000000,0.000109,0.000988,-0.000000
-7.461654,11.675686,0.801353,1.000000

-0.000265,0.018004,-0.999832,0.000000
0.037975,0.999117,0.017981,0.000000
0.999278,-0.037964,-0.000948,-0.000000
96.903877,-136.243134,-9.942043,1.000000
36,tong_01.x
1.000000,-0.000057,0.000749,0.000000
0.000032,0.999456,0.032992,0.000000
-0.000751,-0.032992,0.999455,-0.000000
0.001666,7.511096,2.286661,1.000000

0.999993,0.000040,-0.001538,0.000000
0.001538,-0.050662,0.998715,0.000000
-0.000039,-0.998716,-0.050662,-0.000000
-0.210664,-91.052444,-139.247345,1.000000
37,tong_02.x
0.999999,0.000040,-0.001110,0.000000
-0.000101,0.998471,-0.055286,0.000000
0.001106,0.055286,0.998470,-0.000000
0.000000,4.804240,-0.000008,1.000000

0.999994,0.000024,-0.000427,0.000000
0.000427,-0.105800,0.994388,0.000000
-0.000023,-0.994387,-0.105800,-0.000000
-0.059909,-88.011665,-144.334091,1.000000
38,tong_03.x
1.000000,0.000024,-0.000212,0.000000
-0.000050,0.992542,-0.121902,0.000000
0.000208,0.121902,0.992542,-0.000000
0.000000,5.074951,-0.000008,1.000000

0.999994,0.000026,-0.000213,0.000000
0.000213,-0.226229,0.974074,0.000000
-0.000024,-0.974074,-0.226229,-0.000000
-0.031535,-74.797714,-154.605148,1.000000
39,c_lips_smile.l
-0.000204,-1.000000,-0.000251,0.000000
-1.000000,0.000204,0.000199,0.000000
-0.000199,0.000251,-1.000000,-0.000000
0.955719,8.019217,-8.734920,1.000000

0.000547,0.000001,1.000000,0.000000
0.135767,0.990741,-0.000075,0.000000
-0.990741,0.135767,0.000542,-0.000000
-115.052231,-118.670647,-8.671738,1.000000
40,c_lips_corner_mini.l
1.000000,-0.000072,0.000006,0.000000
0.000072,1.000000,-0.000001,0.000000
-0.000006,0.000001,1.000000,-0.000000
0.000003,0.049456,-0.008619,1.000000

0.000071,0.000000,1.000000,0.000000
0.135697,0.990751,-0.000010,0.000000
-0.990750,0.135697,0.000070,-0.000000
-115.039665,-118.728218,-8.718027,1.000000
41,c_lips_smile.r
-0.000195,1.000000,0.000146,0.000000
-1.000000,-0.000195,-0.000198,0.000000
-0.000198,-0.000146,1.000000,-0.000000
0.955718,8.019466,8.734702,1.000000

0.000523,-0.000002,-1.000000,0.000000
-0.135767,0.990741,-0.000073,0.000000
0.990740,0.135768,0.000518,-0.000000
115.052086,-118.670525,-8.674419,1.000000
42,c_lips_corner_mini.r
1.000000,0.000073,-0.000006,0.000000
-0.000073,1.000000,-0.000002,0.000000
0.000006,0.000002,1.000000,-0.000000
0.000001,0.049434,-0.008617,1.000000

0.000046,0.000000,-1.000000,0.000000
-0.135697,0.990750,-0.000006,0.000000
0.990750,0.135697,0.000046,-0.000000
115.039436,-118.728134,-8.720896,1.000000
43,c_lips_top.l
-0.000203,-1.000000,-0.000251,0.000000
-1.000000,0.000203,0.000198,0.000000
-0.000198,0.000251,-1.000000,-0.000000
-0.664220,-3.692863,-6.584955,1.000000

0.000547,0.000002,1.000000,0.000000
0.135767,0.990741,-0.000076,0.000000
-0.990741,0.135767,0.000542,-0.000000
-126.763191,-120.290543,-6.515380,1.000000
44,c_lips_top.r
-0.000196,1.000000,0.000146,0.000000
-1.000000,-0.000196,-0.000198,0.000000
-0.000198,-0.000146,1.000000,-0.000000
-0.664228,-3.692697,6.585064,1.000000

0.000522,-0.000002,-1.000000,0.000000
-0.135767,0.990741,-0.000073,0.000000
0.990740,0.135768,0.000517,-0.000000
126.763092,-120.290436,-6.518539,1.000000
45,c_lips_top.x
0.342298,-0.939591,-0.000250,0.000000
-0.939592,-0.342298,0.000203,0.000000
-0.000276,0.000165,-1.000000,-0.000000
-1.139882,-8.763516,-0.000726,1.000000

0.000386,0.018036,0.999837,0.000000
-0.194502,0.980744,-0.017617,0.000000
-0.980902,-0.194463,0.003886,-0.000000
-85.279343,-157.107849,2.866113,1.000000
46,c_lips_top_01.l
-0.000178,-1.000000,-0.000251,0.000000
-1.000000,0.000178,0.000198,0.000000
-0.000198,0.000251,-1.000000,-0.000000
-0.147544,2.143905,-7.923252,1.000000

0.000065,0.000002,1.000000,0.000000
0.135742,0.990744,-0.000011,0.000000
-0.990744,0.135742,0.000064,-0.000000
-120.920357,-119.776855,-7.915085,1.000000
47,c_lips_top_01.r
-0.000222,1.000000,0.000146,0.000000
-1.000000,-0.000222,-0.000198,0.000000
-0.000198,-0.000146,1.000000,-0.000000
-0.147544,2.144101,7.923199,1.000000

0.000041,-0.000002,-1.000000,0.000000
-0.135742,0.990744,-0.000008,0.000000
0.990744,0.135742,0.000040,-0.000000
120.920120,-119.776863,-7.918084,1.000000
48,c_skull_02.x
1.000000,-0.000000,-0.000000,0.000000
0.000000,1.000000,-0.000009,0.000000
0.000000,0.000009,1.000000,-0.000000
-0.000000,31.632774,0.000000,1.000000

1.000000,0.000001,0.000021,0.000000
-0.000021,0.135742,0.990744,0.000000
-0.000001,-0.990744,0.135742,-0.000000
0.002751,-123.063843,-119.629333,1.000000
49,c_ear_01.l
0.998629,0.006756,0.051910,0.000000
-0.052345,0.118353,0.991591,0.000000
0.000556,-0.992949,0.118545,-0.000000
7.496790,-26.282970,19.955679,1.000000

0.998630,-0.052324,0.000557,0.000000
0.052326,0.998480,-0.017338,0.000000
0.000351,0.017344,0.999849,-0.000000
-15.383557,-149.473236,79.547272,1.000000
50,c_ear_02.l
0.996258,0.016897,-0.084759,0.000000
-0.032351,0.982315,-0.184420,0.000000
0.080144,0.186472,0.979186,-0.000000
-0.000000,4.790608,-0.000008,1.000000

0.993962,-0.083808,0.070823,0.000000
0.070471,0.982326,0.173405,0.000000
-0.084104,-0.167367,0.982301,-0.000000
-24.674999,-165.708099,47.892799,1.000000
51,c_ear_01.r
0.998631,-0.006753,-0.051867,0.000000
0.052302,0.118354,0.991593,0.000000
-0.000558,-0.992949,0.118545,-0.000000
-7.497565,-26.282978,19.955372,1.000000

0.998630,0.052324,-0.000557,0.000000
-0.052326,0.998480,-0.017338,0.000000
-0.000351,0.017343,0.999849,-0.000000
15.383543,-149.473267,79.547218,1.000000
52,c_ear_02.r
0.996258,-0.016897,0.084759,0.000000
0.032351,0.982315,-0.184419,0.000000
-0.080144,0.186471,0.979186,-0.000000
0.000002,4.790631,0.000006,1.000000

0.993962,0.083808,-0.070823,0.000000
-0.070471,0.982326,0.173405,0.000000
0.084104,-0.167367,0.982301,-0.000000
24.674992,-165.708145,47.892803,1.000000
53,c_nose_01.x
-1.000000,-0.000001,-0.000848,0.000000
-0.000002,1.000000,0.000411,0.000000
0.000848,0.000411,-1.000000,-0.000000
-0.000171,9.851539,7.342030,1.000000

-1.000000,-0.000000,0.000827,0.000000
-0.000819,0.135753,-0.990742,0.000000
-0.000112,-0.990742,-0.135754,-0.000000
0.105000,-132.916779,126.969788,1.000000
54,c_nose_02.x
1.000000,0.000050,-0.000729,0.000000
-0.000050,1.000000,0.000008,0.000000
0.000729,-0.000008,1.000000,-0.000000
-0.000953,1.453723,-1.151995,1.000000

-0.999992,0.000050,0.004045,0.000000
-0.004001,0.135745,-0.990736,0.000000
-0.000598,-0.990744,-0.135744,-0.000000
0.511595,-134.369476,128.121918,1.000000
55,c_nose_03.x
-1.000000,0.000048,-0.000120,0.000000
0.000048,1.000000,0.000411,0.000000
0.000120,0.000411,-1.000000,-0.000000
-0.000409,8.489589,12.267241,1.000000

-1.000000,0.000050,0.000098,0.000000
-0.000090,0.135753,-0.990743,0.000000
-0.000063,-0.990742,-0.135753,-0.000000
0.006270,-131.554886,131.895065,1.000000
56,c_skull_03.x
1.000000,-0.000000,-0.000000,0.000000
0.000000,1.000000,-0.000015,0.000000
0.000000,0.000015,1.000000,-0.000000
-0.000000,32.008907,-0.000000,1.000000

1.000000,0.000001,0.000021,0.000000
-0.000021,0.135736,0.990745,0.000000
-0.000001,-0.990745,0.135736,-0.000000
0.002749,-123.439194,-119.630104,1.000000
57,c_thigh_b_dupli_001.l
0.955358,-0.017567,0.294929,0.000000
0.228745,0.675772,-0.700720,0.000000
-0.186995,0.736902,0.649622,-0.000000
11.245298,9.173578,-1.443185,1.000000

0.996763,0.077601,-0.021024,0.000000
0.078784,-0.890613,0.447885,0.000000
0.016032,-0.448092,-0.893844,-0.000000
-17.670851,59.303337,-84.016441,1.000000
58,thigh_stretch_dupli_001.l
0.392306,-0.651119,0.649723,0.000000
0.080550,-0.679316,-0.729412,0.000000
0.916301,0.338488,-0.214052,-0.000000
0.000001,24.062647,0.000005,1.000000

0.125117,0.108122,0.986233,0.000000
0.677612,-0.735400,-0.005341,0.000000
0.724698,0.668951,-0.165275,-0.000000
-6.575692,89.843750,-22.311087,1.000000
59,leg_stretch_dupli_001.l
0.004416,0.999990,0.000001,0.000000
-0.999990,0.004416,0.000000,0.000000
0.000000,-0.000001,1.000000,-0.000000
0.000009,23.010044,-0.000006,1.000000

0.163219,-0.026532,0.986233,0.000000
-0.128922,-0.991640,-0.005341,0.000000
0.978130,-0.126275,-0.165275,-0.000000
47.025639,47.943451,-22.311077,1.000000
60,foot_dupli_001.l
-0.033403,0.104743,-0.993938,0.000000
0.684096,0.727415,0.053666,0.000000
0.728626,-0.678157,-0.095952,-0.000000
0.000006,31.390463,-0.000002,1.000000

-0.999694,0.019694,0.014938,0.000000
-0.021898,-0.985954,-0.165577,0.000000
0.011467,-0.165854,0.986083,-0.000000
15.798487,13.859467,50.413486,1.000000
61,toes_01_dupli_001.l
-0.999460,0.024918,0.021433,0.000000
-0.008109,0.444999,-0.895494,0.000000
-0.031851,-0.895184,-0.444557,-0.000000
0.000003,20.945906,-0.000003,1.000000

0.999942,-0.000579,0.010735,0.000000
-0.010725,-0.122931,0.992357,0.000000
0.000745,-0.992415,-0.122930,-0.000000
-15.122890,-50.462486,-8.134162,1.000000
62,leg_twist_dupli_001.l
0.998592,0.000000,0.053053,0.000000
-0.000000,1.000000,0.000000,0.000000
-0.053053,-0.000000,0.998592,-0.000000
0.000002,15.695238,-0.000002,1.000000

0.163219,-0.026532,0.986233,0.000000
-0.128922,-0.991640,-0.005341,0.000000
0.978130,-0.126275,-0.165275,-0.000000
47.025635,32.248226,-22.311079,1.000000
63,thigh_twist_dupli_001.l
0.999823,-0.000001,-0.018799,0.000000
0.000001,1.000000,-0.000000,0.000000
0.018799,0.000000,0.999823,-0.000000
0.000000,0.000000,-0.000000,1.000000

0.125221,0.108122,0.986220,0.000000
0.677612,-0.735400,-0.005413,0.000000
0.724681,0.668952,-0.165352,-0.000000
-6.578049,89.843750,-22.310390,1.000000
64,c_thigh_b_dupli_001.r
0.985603,-0.036599,-0.165066,0.000000
-0.142740,0.343142,-0.928374,0.000000
0.090619,0.938570,0.332978,-0.000000
-11.245296,9.173584,-1.443167,1.000000

0.996775,-0.077601,0.020441,0.000000
-0.078522,-0.890613,0.447931,0.000000
-0.016555,-0.448091,-0.893834,-0.000000
17.621704,59.303333,-84.026741,1.000000
65,thigh_stretch_dupli_001.r
0.251286,0.943416,-0.216383,0.000000
-0.033208,-0.215021,-0.976045,0.000000
-0.967343,0.252452,-0.022703,-0.000000
-0.000001,24.062654,0.000007,1.000000

0.125117,-0.108122,-0.986233,0.000000
-0.677612,-0.735400,-0.005341,0.000000
-0.724698,0.668951,-0.165276,-0.000000
6.575692,89.843758,-22.311098,1.000000
66,leg_stretch_dupli_001.r
0.305536,-0.952181,-0.000002,0.000000
0.952181,0.305536,0.000001,0.000000
-0.000000,-0.000002,1.000000,-0.000000
-0.000003,23.010061,0.000003,1.000000

0.163219,0.026532,-0.986233,0.000000
0.128922,-0.991640,-0.005341,0.000000
-0.978130,-0.126275,-0.165275,-0.000000
-47.025658,47.943470,-22.311079,1.000000
67,foot_dupli_001.r
-0.099342,-0.080239,0.991813,0.000000
0.156940,0.983005,0.095245,0.000000
-0.982599,0.165117,-0.085061,-0.000000
-0.000006,31.390512,-0.000000,1.000000

-0.999695,-0.019695,-0.014938,0.000000
0.021898,-0.985954,-0.165577,0.000000
-0.011467,-0.165853,0.986083,-0.000000
-15.798482,13.859474,50.413498,1.000000
68,toes_01_dupli_001.r
-0.999460,-0.024918,-0.021433,0.000000
0.008109,0.445002,-0.895493,0.000000
0.031852,-0.895183,-0.444559,-0.000000
-0.000001,20.945915,-0.000002,1.000000

0.999947,0.000579,-0.010338,0.000000
0.010331,-0.122931,0.992361,0.000000
-0.000697,-0.992414,-0.122931,-0.000000
15.126127,-50.462471,-8.128188,1.000000
69,leg_twist_dupli_001.r
0.998312,-0.000001,-0.058077,0.000000
0.000001,1.000000,0.000000,0.000000
0.058077,-0.000000,0.998312,-0.000000
-0.000007,15.695250,0.000002,1.000000

0.163219,0.026532,-0.986233,0.000000
0.128922,-0.991641,-0.005341,0.000000
-0.978130,-0.126275,-0.165275,-0.000000
-47.025658,32.248241,-22.311079,1.000000
70,thigh_twist_dupli_001.r
0.995826,0.000000,0.091277,0.000000
-0.000000,1.000000,0.000000,0.000000
-0.091277,-0.000000,0.995826,-0.000000
0.000000,0.000000,-0.000000,1.000000

0.125117,-0.108122,-0.986233,0.000000
-0.677612,-0.735400,-0.005341,0.000000
-0.724698,0.668952,-0.165276,-0.000000
6.575704,89.843758,-22.311092,1.000000


tongue
bigdog
3.988019,134.755981,-102.252953,36,37,38,0,0.781854,0.129825,0.088321,0.000000
1.329342,135.111420,-97.147339,36,37,0,0,0.980112,0.019888,0.000000,0.000000
1.329342,134.755981,-102.252953,36,37,38,0,0.780667,0.200602,0.018731,0.000000
-1.329334,134.755981,-102.252945,36,37,38,0,0.749485,0.226007,0.024508,0.000000
-3.988012,135.111420,-97.147339,36,37,0,0,0.988459,0.011541,0.000000,0.000000
-3.988012,134.755981,-102.252953,36,37,38,0,0.774633,0.148905,0.076462,0.000000
0.000004,134.108688,-102.191406,37,36,0,0,0.701127,0.298873,0.000000,0.000000
1.329342,135.111420,-97.147339,36,37,0,0,0.980112,0.019888,0.000000,0.000000
0.000004,134.464096,-97.085800,36,37,0,0,0.973014,0.026986,0.000000,0.000000
1.329342,132.673676,-112.855186,38,0,0,0,1.000000,0.000000,0.000000,0.000000
0.000004,133.379440,-108.031128,37,38,36,0,0.536569,0.458495,0.004935,0.000000
0.000004,132.475174,-112.836319,38,0,0,0,1.000000,0.000000,0.000000,0.000000
-2.957173,132.753693,-112.013702,38,37,0,0,0.923453,0.076547,0.000000,0.000000
-1.329334,134.023239,-108.092331,38,37,36,0,0.754959,0.219176,0.025865,0.000000
-3.988012,134.040573,-107.898491,38,37,36,0,0.457766,0.455727,0.086507,0.000000
3.988019,134.040573,-107.898491,38,37,36,0,0.546789,0.378376,0.074835,0.000000
1.329342,134.755981,-102.252953,36,37,38,0,0.780667,0.200602,0.018731,0.000000
1.329342,134.023239,-108.092331,38,37,36,0,0.747296,0.223106,0.029597,0.000000
2.957181,132.753693,-112.013702,38,37,0,0,0.909268,0.090732,0.000000,0.000000
1.329342,134.023239,-108.092331,38,37,36,0,0.747296,0.223106,0.029597,0.000000
1.329342,132.673676,-112.855186,38,0,0,0,1.000000,0.000000,0.000000,0.000000
1.329342,134.023239,-108.092331,38,37,36,0,0.747296,0.223106,0.029597,0.000000
0.000004,134.108688,-102.191406,37,36,0,0,0.701127,0.298873,0.000000,0.000000
0.000004,133.379440,-108.031128,37,38,36,0,0.536569,0.458495,0.004935,0.000000
-1.329334,134.755981,-102.252945,36,37,38,0,0.749485,0.226007,0.024508,0.000000
-3.988012,134.040573,-107.898491,38,37,36,0,0.457766,0.455727,0.086507,0.000000
-1.329334,134.023239,-108.092331,38,37,36,0,0.754959,0.219176,0.025865,0.000000
-1.329334,132.673676,-112.855186,38,37,0,0,0.991314,0.008686,0.000000,0.000000
0.000004,133.379440,-108.031128,37,38,36,0,0.536569,0.458495,0.004935,0.000000
-1.329334,134.023239,-108.092331,38,37,36,0,0.754959,0.219176,0.025865,0.000000
0.000004,134.108688,-102.191406,37,36,0,0,0.701127,0.298873,0.000000,0.000000
-1.329334,135.111420,-97.147339,36,37,0,0,0.983445,0.016555,0.000000,0.000000
-1.329334,134.755981,-102.252945,36,37,38,0,0.749485,0.226007,0.024508,0.000000
-1.329334,134.023239,-108.092331,38,37,36,0,0.754959,0.219176,0.025865,0.000000
0.000004,134.108688,-102.191406,37,36,0,0,0.701127,0.298873,0.000000,0.000000
-1.329334,134.755981,-102.252945,36,37,38,0,0.749485,0.226007,0.024508,0.000000
-2.957173,132.753693,-112.013702,38,37,0,0,0.923453,0.076547,0.000000,0.000000
-3.979126,133.641006,-107.818054,37,38,36,0,0.491685,0.408411,0.099904,0.000000
-2.937596,132.365494,-111.896149,38,37,0,0,0.918956,0.081044,0.000000,0.000000
2.957181,132.753693,-112.013702,38,37,0,0,0.909268,0.090732,0.000000,0.000000
1.395837,132.279236,-112.751274,38,37,0,0,0.977163,0.022837,0.000000,0.000000
2.937604,132.365494,-111.896149,38,37,0,0,0.910818,0.089182,0.000000,0.000000
3.988019,135.111420,-97.147339,36,37,0,0,0.987647,0.012353,0.000000,0.000000
3.987750,134.351685,-102.213425,36,37,38,0,0.793833,0.116791,0.089376,0.000000
3.988019,134.706329,-97.119133,36,37,0,0,0.989925,0.010075,0.000000,0.000000
-2.957173,132.753693,-112.013702,38,37,0,0,0.923453,0.076547,0.000000,0.000000
-1.395829,132.279236,-112.751274,38,37,0,0,0.972306,0.027694,0.000000,0.000000
-1.329334,132.673676,-112.855186,38,37,0,0,0.991314,0.008686,0.000000,0.000000
0.000004,132.475174,-112.836319,38,0,0,0,1.000000,0.000000,0.000000,0.000000
1.395837,132.279236,-112.751274,38,37,0,0,0.977163,0.022837,0.000000,0.000000
1.329342,132.673676,-112.855186,38,0,0,0,1.000000,0.000000,0.000000,0.000000
-3.988012,135.111420,-97.147339,36,37,0,0,0.988459,0.011541,0.000000,0.000000
-3.987742,134.351685,-102.213425,36,37,38,0,0.789280,0.133325,0.077395,0.000000
-3.988012,134.755981,-102.252953,36,37,38,0,0.774633,0.148905,0.076462,0.000000
-3.988012,134.755981,-102.252953,36,37,38,0,0.774633,0.148905,0.076462,0.000000
-3.979126,133.641006,-107.818054,37,38,36,0,0.491685,0.408411,0.099904,0.000000
-3.988012,134.040573,-107.898491,38,37,36,0,0.457766,0.455727,0.086507,0.000000
2.957181,132.753693,-112.013702,38,37,0,0,0.909268,0.090732,0.000000,0.000000
3.979134,133.641006,-107.818054,38,37,36,0,0.531884,0.386714,0.081402,0.000000
3.988019,134.040573,-107.898491,38,37,36,0,0.546789,0.378376,0.074835,0.000000
3.988019,134.755981,-102.252953,36,37,38,0,0.781854,0.129825,0.088321,0.000000
3.979134,133.641006,-107.818054,38,37,36,0,0.531884,0.386714,0.081402,0.000000
3.987750,134.351685,-102.213425,36,37,38,0,0.793833,0.116791,0.089376,0.000000
0.000004,132.475174,-112.836319,38,0,0,0,1.000000,0.000000,0.000000,0.000000
-1.395829,132.279236,-112.751274,38,37,0,0,0.972306,0.027694,0.000000,0.000000
0.000004,132.060745,-112.738693,38,37,0,0,0.992131,0.007869,0.000000,0.000000
0.000004,133.840912,-102.142685,36,38,37,0,0.728311,0.140500,0.131189,0.000000
3.988019,134.706329,-97.119133,36,37,0,0,0.989925,0.010075,0.000000,0.000000
3.987750,134.351685,-102.213425,36,37,38,0,0.793833,0.116791,0.089376,0.000000
-3.988012,134.706329,-97.119133,36,37,0,0,0.991363,0.008637,0.000000,0.000000
0.000004,133.840912,-102.142685,36,38,37,0,0.728311,0.140500,0.131189,0.000000
-3.987742,134.351685,-102.213425,36,37,38,0,0.789280,0.133325,0.077395,0.000000
0.000004,133.840912,-102.142685,36,38,37,0,0.728311,0.140500,0.131189,0.000000
3.979134,133.641006,-107.818054,38,37,36,0,0.531884,0.386714,0.081402,0.000000
0.000004,133.151749,-107.863815,38,37,36,0,0.520795,0.297318,0.181887,0.000000
-3.979126,133.641006,-107.818054,37,38,36,0,0.491685,0.408411,0.099904,0.000000
0.000004,133.840912,-102.142685,36,38,37,0,0.728311,0.140500,0.131189,0.000000
0.000004,133.151749,-107.863815,38,37,36,0,0.520795,0.297318,0.181887,0.000000
0.000004,133.151749,-107.863815,38,37,36,0,0.520795,0.297318,0.181887,0.000000
2.937604,132.365494,-111.896149,38,37,0,0,0.910818,0.089182,0.000000,0.000000
0.000004,132.150299,-111.995316,38,37,36,0,0.903586,0.071111,0.025303,0.000000
-2.937596,132.365494,-111.896149,38,37,0,0,0.918956,0.081044,0.000000,0.000000
0.000004,133.151749,-107.863815,38,37,36,0,0.520795,0.297318,0.181887,0.000000
0.000004,132.150299,-111.995316,38,37,36,0,0.903586,0.071111,0.025303,0.000000
0.000004,132.150299,-111.995316,38,37,36,0,0.903586,0.071111,0.025303,0.000000
1.395837,132.279236,-112.751274,38,37,0,0,0.977163,0.022837,0.000000,0.000000
0.000004,132.060745,-112.738693,38,37,0,0,0.992131,0.007869,0.000000,0.000000
-1.395829,132.279236,-112.751274,38,37,0,0,0.972306,0.027694,0.000000,0.000000
0.000004,132.150299,-111.995316,38,37,36,0,0.903586,0.071111,0.025303,0.000000
0.000004,132.060745,-112.738693,38,37,0,0,0.992131,0.007869,0.000000,0.000000
3.988019,134.755981,-102.252953,36,37,38,0,0.781854,0.129825,0.088321,0.000000
3.988019,135.111420,-97.147339,36,37,0,0,0.987647,0.012353,0.000000,0.000000
1.329342,135.111420,-97.147339,36,37,0,0,0.980112,0.019888,0.000000,0.000000
-1.329334,134.755981,-102.252945,36,37,38,0,0.749485,0.226007,0.024508,0.000000
-1.329334,135.111420,-97.147339,36,37,0,0,0.983445,0.016555,0.000000,0.000000
-3.988012,135.111420,-97.147339,36,37,0,0,0.988459,0.011541,0.000000,0.000000
0.000004,134.108688,-102.191406,37,36,0,0,0.701127,0.298873,0.000000,0.000000
1.329342,134.755981,-102.252953,36,37,38,0,0.780667,0.200602,0.018731,0.000000
1.329342,135.111420,-97.147339,36,37,0,0,0.980112,0.019888,0.000000,0.000000
1.329342,132.673676,-112.855186,38,0,0,0,1.000000,0.000000,0.000000,0.000000
1.329342,134.023239,-108.092331,38,37,36,0,0.747296,0.223106,0.029597,0.000000
0.000004,133.379440,-108.031128,37,38,36,0,0.536569,0.458495,0.004935,0.000000
-2.957173,132.753693,-112.013702,38,37,0,0,0.923453,0.076547,0.000000,0.000000
-1.329334,132.673676,-112.855186,38,37,0,0,0.991314,0.008686,0.000000,0.000000
-1.329334,134.023239,-108.092331,38,37,36,0,0.754959,0.219176,0.025865,0.000000
3.988019,134.040573,-107.898491,38,37,36,0,0.546789,0.378376,0.074835,0.000000
3.988019,134.755981,-102.252953,36,37,38,0,0.781854,0.129825,0.088321,0.000000
1.329342,134.755981,-102.252953,36,37,38,0,0.780667,0.200602,0.018731,0.000000
2.957181,132.753693,-112.013702,38,37,0,0,0.909268,0.090732,0.000000,0.000000
3.988019,134.040573,-107.898491,38,37,36,0,0.546789,0.378376,0.074835,0.000000
1.329342,134.023239,-108.092331,38,37,36,0,0.747296,0.223106,0.029597,0.000000
1.329342,134.023239,-108.092331,38,37,36,0,0.747296,0.223106,0.029597,0.000000
1.329342,134.755981,-102.252953,36,37,38,0,0.780667,0.200602,0.018731,0.000000
0.000004,134.108688,-102.191406,37,36,0,0,0.701127,0.298873,0.000000,0.000000
-1.329334,134.755981,-102.252945,36,37,38,0,0.749485,0.226007,0.024508,0.000000
-3.988012,134.755981,-102.252953,36,37,38,0,0.774633,0.148905,0.076462,0.000000
-3.988012,134.040573,-107.898491,38,37,36,0,0.457766,0.455727,0.086507,0.000000
-1.329334,132.673676,-112.855186,38,37,0,0,0.991314,0.008686,0.000000,0.000000
0.000004,132.475174,-112.836319,38,0,0,0,1.000000,0.000000,0.000000,0.000000
0.000004,133.379440,-108.031128,37,38,36,0,0.536569,0.458495,0.004935,0.000000
0.000004,134.108688,-102.191406,37,36,0,0,0.701127,0.298873,0.000000,0.000000
0.000004,134.464096,-97.085800,36,37,0,0,0.973014,0.026986,0.000000,0.000000
-1.329334,135.111420,-97.147339,36,37,0,0,0.983445,0.016555,0.000000,0.000000
-1.329334,134.023239,-108.092331,38,37,36,0,0.754959,0.219176,0.025865,0.000000
0.000004,133.379440,-108.031128,37,38,36,0,0.536569,0.458495,0.004935,0.000000
0.000004,134.108688,-102.191406,37,36,0,0,0.701127,0.298873,0.000000,0.000000
-2.957173,132.753693,-112.013702,38,37,0,0,0.923453,0.076547,0.000000,0.000000
-3.988012,134.040573,-107.898491,38,37,36,0,0.457766,0.455727,0.086507,0.000000
-3.979126,133.641006,-107.818054,37,38,36,0,0.491685,0.408411,0.099904,0.000000
2.957181,132.753693,-112.013702,38,37,0,0,0.909268,0.090732,0.000000,0.000000
1.329342,132.673676,-112.855186,38,0,0,0,1.000000,0.000000,0.000000,0.000000
1.395837,132.279236,-112.751274,38,37,0,0,0.977163,0.022837,0.000000,0.000000
3.988019,135.111420,-97.147339,36,37,0,0,0.987647,0.012353,0.000000,0.000000
3.988019,134.755981,-102.252953,36,37,38,0,0.781854,0.129825,0.088321,0.000000
3.987750,134.351685,-102.213425,36,37,38,0,0.793833,0.116791,0.089376,0.000000
-2.957173,132.753693,-112.013702,38,37,0,0,0.923453,0.076547,0.000000,0.000000
-2.937596,132.365494,-111.896149,38,37,0,0,0.918956,0.081044,0.000000,0.000000
-1.395829,132.279236,-112.751274,38,37,0,0,0.972306,0.027694,0.000000,0.000000
0.000004,132.475174,-112.836319,38,0,0,0,1.000000,0.000000,0.000000,0.000000
0.000004,132.060745,-112.738693,38,37,0,0,0.992131,0.007869,0.000000,0.000000
1.395837,132.279236,-112.751274,38,37,0,0,0.977163,0.022837,0.000000,0.000000
-3.988012,135.111420,-97.147339,36,37,0,0,0.988459,0.011541,0.000000,0.000000
-3.988012,134.706329,-97.119133,36,37,0,0,0.991363,0.008637,0.000000,0.000000
-3.987742,134.351685,-102.213425,36,37,38,0,0.789280,0.133325,0.077395,0.000000
-3.988012,134.755981,-102.252953,36,37,38,0,0.774633,0.148905,0.076462,0.000000
-3.987742,134.351685,-102.213425,36,37,38,0,0.789280,0.133325,0.077395,0.000000
-3.979126,133.641006,-107.818054,37,38,36,0,0.491685,0.408411,0.099904,0.000000
2.957181,132.753693,-112.013702,38,37,0,0,0.909268,0.090732,0.000000,0.000000
2.937604,132.365494,-111.896149,38,37,0,0,0.910818,0.089182,0.000000,0.000000
3.979134,133.641006,-107.818054,38,37,36,0,0.531884,0.386714,0.081402,0.000000
3.988019,134.755981,-102.252953,36,37,38,0,0.781854,0.129825,0.088321,0.000000
3.988019,134.040573,-107.898491,38,37,36,0,0.546789,0.378376,0.074835,0.000000
3.979134,133.641006,-107.818054,38,37,36,0,0.531884,0.386714,0.081402,0.000000
0.000004,132.475174,-112.836319,38,0,0,0,1.000000,0.000000,0.000000,0.000000
-1.329334,132.673676,-112.855186,38,37,0,0,0.991314,0.008686,0.000000,0.000000
-1.395829,132.279236,-112.751274,38,37,0,0,0.972306,0.027694,0.000000,0.000000
0.000004,133.840912,-102.142685,36,38,37,0,0.728311,0.140500,0.131189,0.000000
0.000004,133.942276,-97.119133,36,0,0,0,1.000000,0.000000,0.000000,0.000000
3.988019,134.706329,-97.119133,36,37,0,0,0.989925,0.010075,0.000000,0.000000
-3.988012,134.706329,-97.119133,36,37,0,0,0.991363,0.008637,0.000000,0.000000
0.000004,133.942276,-97.119133,36,0,0,0,1.000000,0.000000,0.000000,0.000000
0.000004,133.840912,-102.142685,36,38,37,0,0.728311,0.140500,0.131189,0.000000
0.000004,133.840912,-102.142685,36,38,37,0,0.728311,0.140500,0.131189,0.000000
3.987750,134.351685,-102.213425,36,37,38,0,0.793833,0.116791,0.089376,0.000000
3.979134,133.641006,-107.818054,38,37,36,0,0.531884,0.386714,0.081402,0.000000
-3.979126,133.641006,-107.818054,37,38,36,0,0.491685,0.408411,0.099904,0.000000
-3.987742,134.351685,-102.213425,36,37,38,0,0.789280,0.133325,0.077395,0.000000
0.000004,133.840912,-102.142685,36,38,37,0,0.728311,0.140500,0.131189,0.000000
0.000004,133.151749,-107.863815,38,37,36,0,0.520795,0.297318,0.181887,0.000000
3.979134,133.641006,-107.818054,38,37,36,0,0.531884,0.386714,0.081402,0.000000
2.937604,132.365494,-111.896149,38,37,0,0,0.910818,0.089182,0.000000,0.000000
-2.937596,132.365494,-111.896149,38,37,0,0,0.918956,0.081044,0.000000,0.000000
-3.979126,133.641006,-107.818054,37,38,36,0,0.491685,0.408411,0.099904,0.000000
0.000004,133.151749,-107.863815,38,37,36,0,0.520795,0.297318,0.181887,0.000000
0.000004,132.150299,-111.995316,38,37,36,0,0.903586,0.071111,0.025303,0.000000
2.937604,132.365494,-111.896149,38,37,0,0,0.910818,0.089182,0.000000,0.000000
1.395837,132.279236,-112.751274,38,37,0,0,0.977163,0.022837,0.000000,0.000000
-1.395829,132.279236,-112.751274,38,37,0,0,0.972306,0.027694,0.000000,0.000000
-2.937596,132.365494,-111.896149,38,37,0,0,0.918956,0.081044,0.000000,0.000000
0.000004,132.150299,-111.995316,38,37,36,0,0.903586,0.071111,0.025303,0.000000


body
bigdog
13.800663,58.235016,7.152709,4,23,10,9,0.269075,0.268392,0.250003,0.212529
17.292305,66.820473,17.545738,4,10,9,15,0.313454,0.301092,0.288629,0.096824
16.766333,65.095062,5.605006,23,4,10,9,0.278577,0.260797,0.247835,0.212791
11.484368,101.186180,20.372952,4,23,5,9,0.320297,0.280985,0.234845,0.163873
18.057142,93.656174,32.296505,9,22,23,16,0.371043,0.329825,0.149972,0.149161
11.567836,98.868866,34.075333,5,23,9,22,0.303283,0.296335,0.237687,0.162694
11.217726,101.924278,8.000512,23,4,24,0,0.560273,0.401382,0.038345,0.000000
18.550856,96.944466,18.881876,4,16,9,23,0.275418,0.271796,0.247441,0.205345
11.484368,101.186180,20.372952,4,23,5,9,0.320297,0.280985,0.234845,0.163873
10.703382,102.776443,-18.869133,24,23,26,57,0.663480,0.157587,0.138186,0.040747
16.169802,99.222771,-30.077391,24,26,57,23,0.512083,0.256921,0.175615,0.055381
16.260450,97.342224,-19.786385,24,23,26,57,0.659288,0.156760,0.128199,0.055753
4.266783,114.206726,-87.657318,28,30,26,27,0.526459,0.203802,0.184532,0.085206
9.352228,108.449486,-82.140091,28,26,27,25,0.323996,0.268133,0.219201,0.188670
9.210831,114.846016,-86.683563,28,30,26,27,0.519812,0.213699,0.185298,0.081192
10.297783,156.416077,-77.907837,49,27,50,0,0.890162,0.062187,0.047650,0.000000
10.428799,157.599106,-73.249138,49,50,27,0,0.843546,0.096371,0.060083,0.000000
9.331833,162.472702,-78.135498,50,49,27,0,0.868154,0.103400,0.028446,0.000000
17.379065,52.544807,-37.461800,24,58,59,66,0.344928,0.313838,0.287675,0.053559
9.214914,41.810307,-42.376884,59,62,24,58,0.541018,0.317525,0.070797,0.070660
5.245088,52.123669,-38.375240,58,24,59,66,0.377194,0.312914,0.224625,0.085267
5.717633,102.848465,-5.452383,23,24,4,26,0.688498,0.193205,0.096632,0.021665
10.703382,102.776443,-18.869133,24,23,26,57,0.663480,0.157587,0.138186,0.040747
10.985451,102.105797,-5.468262,23,24,4,9,0.685541,0.205174,0.086787,0.022498
7.856820,73.477646,52.780331,16,9,22,15,0.308218,0.298471,0.236524,0.156787
17.742792,60.269890,50.060097,10,16,15,9,0.443429,0.316266,0.151345,0.088960
8.383611,59.282902,53.697044,10,16,15,22,0.512578,0.208594,0.195932,0.082895
4.266783,114.206726,-87.657318,28,30,26,27,0.526459,0.203802,0.184532,0.085206
9.164965,117.219810,-91.848862,28,30,26,40,0.460604,0.366885,0.103887,0.068624
4.500187,117.219810,-91.848862,28,30,26,27,0.483381,0.295216,0.136187,0.085216
5.245088,52.123669,-38.375240,58,24,59,66,0.377194,0.312914,0.224625,0.085267
14.053396,53.037823,-22.932913,24,23,10,4,0.272954,0.270250,0.240959,0.215838
17.379065,52.544807,-37.461800,24,58,59,66,0.344928,0.313838,0.287675,0.053559
18.834536,61.426888,28.204430,10,9,15,4,0.429341,0.359545,0.141200,0.069913
17.233755,43.208408,30.519600,10,11,9,14,0.377843,0.373983,0.141231,0.106943
20.484438,42.569363,38.611504,11,10,14,9,0.463048,0.351963,0.139609,0.045380
5.444858,103.432953,-18.866604,24,26,23,57,0.672087,0.156419,0.153435,0.018059
