0,RootNode
1.000000,0.000000,-0.000000,0.000000
0.000000,1.000000,-0.000000,0.000000
-0.000000,-0.000000,1.000000,-0.000000
0.000000,0.000000,-0.000000,1.000000

1.000000,0.000000,0.000000,0.000000
0.000000,1.000000,0.000000,0.000000
0.000000,0.000000,1.000000,0.000000
0.000000,0.000000,0.000000,1.000000

1,Armature
1.000000,0.000000,-0.000000,0.000000
0.000000,1.000000,-0.000000,0.000000
-0.000000,-0.000000,1.000000,-0.000000
0.000000,0.000000,-0.000000,1.000000

1.000000,0.000000,0.000000,0.000000
0.000000,1.000000,0.000000,0.000000
0.000000,0.000000,1.000000,0.000000
0.000000,0.000000,0.000000,1.000000

2,mixamorig:Hips
0.995078,0.025013,0.095882,0.000000
-0.004391,0.977798,-0.209505,0.000000
-0.098994,0.208053,0.973095,-0.000000
1.247133,89.488968,-1.143987,1.000000

1.000000,-0.000002,0.000000,0.000000
0.000002,1.000000,0.000000,0.000000
-0.000000,-0.000000,1.000000,-0.000000
-0.000162,-96.852753,3.073963,1.000000

3,mixamorig:Spine
0.998971,0.027477,0.036071,0.000000
-0.026780,0.999448,-0.019670,0.000000
-0.036592,0.018684,0.999156,-0.000000
0.000023,13.784840,-0.064361,1.000000

1.000000,0.000000,-0.000000,0.000000
-0.000000,0.999430,0.033753,0.000000
0.000000,-0.033753,0.999430,-0.000000
-0.000003,-110.680496,-0.597826,1.000000

4,mixamorig:Spine1
0.996909,0.026935,0.073802,0.000000
-0.029232,0.999116,0.030213,0.000000
-0.072923,-0.032277,0.996815,-0.000000
-0.000001,12.024331,-0.000003,1.000000

1.000000,0.000000,-0.000000,0.000000
0.000000,0.999709,0.024140,0.000000
-0.000000,-0.024140,0.999709,-0.000000
-0.000003,-122.704903,0.582252,1.000000

5,mixamorig:Spine2
0.996936,0.026026,0.073764,0.000000
-0.029435,0.998530,0.045515,0.000000
-0.072471,-0.047547,0.996237,-0.000000
-0.000001,17.815844,0.000001,1.000000

1.000000,0.000000,-0.000000,0.000000
0.000000,1.000000,-0.000000,0.000000
-0.000000,0.000000,1.000000,-0.000000
-0.000003,-140.465729,3.974258,1.000000

6,mixamorig:Neck
0.997647,-0.060909,0.031478,0.000000
0.057844,0.994214,0.090514,0.000000
-0.036809,-0.088480,0.995398,-0.000000
0.000001,39.117615,-11.976990,1.000000

1.000000,0.000000,-0.000000,0.000000
0.000000,1.000000,-0.000000,0.000000
-0.000000,0.000000,1.000000,-0.000000
-0.000003,-179.583344,15.951253,1.000000

7,mixamorig:Head
0.990101,-0.095869,0.102511,0.000000
0.085192,0.990932,0.103903,0.000000
-0.111543,-0.094141,0.989290,-0.000000
-0.000001,14.552515,-15.664099,1.000000

1.000000,0.000000,-0.000000,0.000000
0.000000,1.000000,-0.000000,0.000000
-0.000000,0.000000,1.000000,-0.000000
-0.000003,-194.135880,31.615351,1.000000

8,mixamorig:HeadTop_End
1.000000,0.000000,-0.000000,0.000000
0.000000,1.000000,-0.000000,0.000000
-0.000000,-0.000000,1.000000,-0.000000
-0.000002,15.601727,-7.553739,1.000000

1.000000,0.000000,-0.000000,0.000000
0.000000,1.000000,-0.000000,0.000000
-0.000000,0.000000,1.000000,-0.000000
-0.000003,-209.737610,39.169090,1.000000

9,mixamorig:HeadTop_End_end
1.000000,0.000000,-0.000000,0.000000
0.000000,1.000000,-0.000000,0.000000
-0.000000,-0.000000,1.000000,-0.000000
0.000000,12.178314,-0.000000,1.000000

1.000000,0.000000,0.000000,0.000000
0.000000,1.000000,0.000000,0.000000
0.000000,0.000000,1.000000,0.000000
0.000000,0.000000,0.000000,1.000000

10,mixamorig:LeftEye
1.000000,0.000000,-0.000000,0.000000
0.000000,1.000000,-0.000000,0.000000
-0.000000,-0.000000,1.000000,-0.000000
3.528727,2.462135,-12.838177,1.000000

1.000000,0.000000,-0.000000,0.000000
0.000000,1.000000,-0.000000,0.000000
-0.000000,0.000000,1.000000,-0.000000
-3.528728,-196.598022,44.453526,1.000000

11,mixamorig:LeftEye_end
1.000000,0.000000,-0.000000,0.000000
0.000000,1.000000,-0.000000,0.000000
-0.000000,-0.000000,1.000000,-0.000000
0.000000,12.178314,-0.000000,1.000000

1.000000,0.000000,0.000000,0.000000
0.000000,1.000000,0.000000,0.000000
0.000000,0.000000,1.000000,0.000000
0.000000,0.000000,0.000000,1.000000

12,mixamorig:RightEye
1.000000,0.000000,-0.000000,0.000000
0.000000,1.000000,-0.000000,0.000000
-0.000000,-0.000000,1.000000,-0.000000
-3.528732,2.462115,-12.838155,1.000000

1.000000,0.000000,-0.000000,0.000000
0.000000,1.000000,-0.000000,0.000000
-0.000000,0.000000,1.000000,-0.000000
3.528730,-196.598007,44.453506,1.000000

13,mixamorig:RightEye_end
1.000000,0.000000,-0.000000,0.000000
0.000000,1.000000,-0.000000,0.000000
-0.000000,-0.000000,1.000000,-0.000000
0.000000,12.178314,-0.000000,1.000000

1.000000,0.000000,0.000000,0.000000
0.000000,1.000000,0.000000,0.000000
0.000000,0.000000,1.000000,0.000000
0.000000,0.000000,0.000000,1.000000

14,mixamorig:Jaw
1.000000,0.000000,0.000000,0.000000
0.000000,-0.587429,-0.809275,0.000000
-0.000000,0.809275,-0.587429,-0.000000
-0.000002,-2.317797,-3.620699,1.000000

1.000000,-0.000000,0.000000,0.000000
0.000000,-0.587430,0.809275,0.000000
-0.000000,-0.809275,-0.587430,-0.000000
0.000000,84.163940,-175.932343,1.000000

15,mixamorig:Jaw_end
1.000000,0.000000,-0.000000,0.000000
0.000000,1.000000,-0.000000,0.000000
-0.000000,-0.000000,1.000000,-0.000000
0.000000,12.178311,-0.000000,1.000000

1.000000,0.000000,0.000000,0.000000
0.000000,1.000000,0.000000,0.000000
0.000000,0.000000,1.000000,0.000000
0.000000,0.000000,0.000000,1.000000

16,mixamorig:LeftShoulder
0.018344,0.024893,0.999522,0.000000
0.967340,0.252339,-0.024038,0.000000
-0.252817,0.967319,-0.019451,-0.000000
17.399469,24.614187,-1.157871,1.000000

0.088174,0.952580,-0.291234,0.000000
0.026843,0.289994,0.956652,0.000000
0.995743,-0.092170,-0.000000,-0.000000
-0.855142,-64.919632,-152.856705,1.000000

17,mixamorig:LeftArm
0.924684,-0.017416,0.380336,0.000000
0.106685,0.970787,-0.214922,0.000000
-0.365482,0.239311,0.899529,-0.000000
-0.000002,19.910383,-0.000008,1.000000

-0.000000,1.000000,-0.000000,0.000000
0.000000,0.000000,1.000000,0.000000
1.000000,-0.000000,-0.000000,-0.000000
6.967264,-36.365749,-170.853821,1.000000

18,mixamorig:LeftForeArm
0.865296,0.501260,-0.000001,0.000000
-0.501260,0.865296,-0.000002,0.000000
-0.000000,0.000002,1.000000,-0.000000
0.000013,49.301285,0.000013,1.000000

0.017452,0.999848,0.000001,0.000000
0.000000,-0.000001,1.000000,0.000000
0.999848,-0.017452,-0.000000,-0.000000
5.471124,-85.775276,-170.853958,1.000000

19,mixamorig:LeftHand
0.905636,-0.186908,0.380643,0.000000
0.187681,0.981590,0.035456,0.000000
-0.380262,0.039330,0.924042,-0.000000
0.000021,31.604744,-0.000002,1.000000

0.017452,0.999848,0.000001,0.000000
0.000000,-0.000001,1.000000,0.000000
0.999848,-0.017452,-0.000000,-0.000000
5.471159,-117.380157,-170.853912,1.000000

20,mixamorig:LeftHandThumb1
0.928952,0.365583,0.058292,0.000000
-0.325504,0.881608,-0.341780,0.000000
-0.176340,0.298523,0.937970,-0.000000
-7.059633,6.094478,-4.397171,1.000000

0.524803,0.766998,0.369181,0.000000
0.023294,-0.446485,0.894488,0.000000
0.850905,-0.460831,-0.252183,-0.000000
-56.058285,-26.969112,-198.093369,1.000000

21,mixamorig:LeftHandThumb2
0.904788,-0.422412,-0.054105,0.000000
0.424259,0.883061,0.200520,0.000000
-0.036924,-0.204383,0.978194,-0.000000
-0.000001,7.536454,0.000004,1.000000

0.524806,0.766996,0.369183,0.000000
0.023295,-0.446488,0.894486,0.000000
0.850903,-0.460831,-0.252187,-0.000000
-56.058933,-34.504688,-198.093369,1.000000

22,mixamorig:LeftHandThumb3
0.984147,-0.176225,-0.019962,0.000000
0.177192,0.972229,0.152884,0.000000
-0.007535,-0.153998,0.988042,-0.000000
-0.000011,7.512324,-0.000009,1.000000

0.524804,0.766997,0.369183,0.000000
0.023294,-0.446488,0.894487,0.000000
0.850904,-0.460831,-0.252185,-0.000000
-56.058556,-42.017223,-198.093414,1.000000

23,mixamorig:LeftHandThumb4
1.000000,-0.000002,-0.000004,0.000000
0.000002,1.000000,0.000005,0.000000
0.000004,-0.000005,1.000000,-0.000000
-0.000005,10.212408,0.000001,1.000000

0.524801,0.767000,0.369182,0.000000
0.023292,-0.446483,0.894489,0.000000
0.850906,-0.460830,-0.252180,-0.000000
-56.057709,-52.230709,-198.093369,1.000000

24,mixamorig:LeftHandThumb4_end
1.000000,0.000000,-0.000000,0.000000
0.000000,1.000000,-0.000000,0.000000
-0.000000,-0.000000,1.000000,-0.000000
0.000000,10.212391,-0.000000,1.000000

1.000000,0.000000,0.000000,0.000000
0.000000,1.000000,0.000000,0.000000
0.000000,0.000000,1.000000,0.000000
0.000000,0.000000,0.000000,1.000000

25,mixamorig:LeftHandIndex1
1.000000,-0.000706,0.000000,0.000000
0.000706,1.000000,-0.000368,0.000000
0.000000,0.000368,1.000000,-0.000000
-6.192913,21.271095,-0.498740,1.000000

0.017452,0.999848,-0.000000,0.000000
0.000000,0.000000,1.000000,0.000000
0.999848,-0.017452,-0.000000,-0.000000
11.663954,-138.651337,-170.355072,1.000000

26,mixamorig:LeftHandIndex2
1.000000,0.000000,-0.000000,0.000000
0.000000,1.000000,-0.000000,0.000000
-0.000000,-0.000000,1.000000,-0.000000
-0.000015,7.536477,-0.000004,1.000000

0.017453,0.999848,0.000002,0.000000
0.000000,-0.000002,1.000000,0.000000
0.999848,-0.017453,-0.000000,-0.000000
11.663898,-146.187515,-170.355331,1.000000

27,mixamorig:LeftHandIndex3
1.000000,0.000000,-0.000000,0.000000
0.000000,1.000000,-0.000000,0.000000
-0.000000,-0.000000,1.000000,-0.000000
-0.000015,7.512328,-0.000005,1.000000

0.017452,0.999848,0.000003,0.000000
-0.000000,-0.000003,1.000000,0.000000
0.999848,-0.017452,0.000000,-0.000000
11.664028,-153.699646,-170.355469,1.000000

28,mixamorig:LeftHandIndex4
1.000000,0.000000,-0.000000,0.000000
0.000000,1.000000,-0.000000,0.000000
-0.000000,-0.000000,1.000000,-0.000000
0.000014,10.212398,-0.000003,1.000000

0.017453,0.999848,-0.000000,0.000000
0.000000,0.000000,1.000000,0.000000
0.999848,-0.017453,-0.000000,-0.000000
11.663902,-163.912521,-170.354996,1.000000

29,mixamorig:LeftHandIndex4_end
1.000000,0.000000,-0.000000,0.000000
0.000000,1.000000,-0.000000,0.000000
-0.000000,-0.000000,1.000000,-0.000000
0.000000,10.212386,-0.000000,1.000000

1.000000,0.000000,0.000000,0.000000
0.000000,1.000000,0.000000,0.000000
0.000000,0.000000,1.000000,0.000000
0.000000,0.000000,0.000000,1.000000

30,mixamorig:LeftHandMiddle1
1.000000,-0.000673,0.000000,0.000000
0.000673,1.000000,-0.000089,0.000000
0.000000,0.000089,1.000000,-0.000000
0.016439,23.334448,-0.008607,1.000000

0.017452,0.999848,-0.000000,0.000000
0.000000,0.000000,1.000000,0.000000
0.999848,-0.017453,-0.000000,-0.000000
5.454590,-140.714737,-170.845200,1.000000

31,mixamorig:LeftHandMiddle2
1.000000,-0.000034,-0.000000,0.000000
0.000034,1.000000,-0.000279,0.000000
0.000000,0.000279,1.000000,-0.000000
-0.000008,6.996603,-0.000010,1.000000

0.017452,0.999848,0.000000,0.000000
-0.000000,0.000000,1.000000,0.000000
0.999848,-0.017452,0.000000,-0.000000
5.454618,-147.711334,-170.845169,1.000000

32,mixamorig:LeftHandMiddle3
1.000000,0.000000,-0.000000,0.000000
0.000000,1.000000,-0.000000,0.000000
-0.000000,-0.000000,1.000000,-0.000000
0.000011,7.015969,0.000001,1.000000

0.017452,0.999848,0.000002,0.000000
0.000000,-0.000002,1.000000,0.000000
0.999848,-0.017452,-0.000000,-0.000000
5.454597,-154.726990,-170.845474,1.000000

33,mixamorig:LeftHandMiddle4
1.000000,0.000000,-0.000000,0.000000
0.000000,1.000000,-0.000000,0.000000
-0.000000,-0.000000,1.000000,-0.000000
-0.000008,7.721562,-0.000013,1.000000

0.017453,0.999848,-0.000000,0.000000
0.000000,0.000000,1.000000,0.000000
0.999848,-0.017453,-0.000000,-0.000000
5.454558,-162.448898,-170.845169,1.000000

34,mixamorig:LeftHandMiddle4_end
1.000000,0.000000,-0.000000,0.000000
0.000000,1.000000,-0.000000,0.000000
-0.000000,-0.000000,1.000000,-0.000000
0.000000,7.721574,-0.000000,1.000000

1.000000,0.000000,0.000000,0.000000
0.000000,1.000000,0.000000,0.000000
0.000000,0.000000,1.000000,0.000000
0.000000,0.000000,0.000000,1.000000

35,mixamorig:LeftHandRing1
1.000000,-0.000706,0.000000,0.000000
0.000706,1.000000,-0.000368,0.000000
0.000000,0.000368,1.000000,-0.000000
6.516883,22.686655,-0.103639,1.000000

0.017452,0.999848,0.000000,0.000000
0.000000,0.000000,1.000000,0.000000
0.999848,-0.017452,-0.000000,-0.000000
-1.045852,-140.066895,-170.750168,1.000000

36,mixamorig:LeftHandRing2
1.000000,0.000000,-0.000000,0.000000
0.000000,1.000000,-0.000000,0.000000
-0.000000,-0.000000,1.000000,-0.000000
-0.000004,6.408639,0.000010,1.000000

0.017452,0.999848,-0.000000,0.000000
0.000000,0.000000,1.000000,0.000000
0.999848,-0.017453,-0.000000,-0.000000
-1.045877,-146.475571,-170.750153,1.000000

37,mixamorig:LeftHandRing3
1.000000,0.000000,-0.000000,0.000000
0.000000,1.000000,-0.000000,0.000000
-0.000000,-0.000000,1.000000,-0.000000
0.000033,6.150264,-0.000004,1.000000

0.017452,0.999848,0.000002,0.000000
0.000000,-0.000002,1.000000,0.000000
0.999848,-0.017453,-0.000000,-0.000000
-1.045869,-152.625458,-170.750534,1.000000

38,mixamorig:LeftHandRing4
1.000000,0.000000,-0.000000,0.000000
0.000000,1.000000,-0.000000,0.000000
-0.000000,-0.000000,1.000000,-0.000000
-0.000028,6.145386,-0.000000,1.000000

0.017452,0.999848,-0.000000,0.000000
-0.000000,0.000000,1.000000,0.000000
0.999848,-0.017452,-0.000000,-0.000000
-1.045843,-158.771194,-170.750137,1.000000

39,mixamorig:LeftHandRing4_end
1.000000,0.000000,-0.000000,0.000000
0.000000,1.000000,-0.000000,0.000000
-0.000000,-0.000000,1.000000,-0.000000
0.000000,6.145391,-0.000000,1.000000

1.000000,0.000000,0.000000,0.000000
0.000000,1.000000,0.000000,0.000000
0.000000,0.000000,1.000000,0.000000
0.000000,0.000000,0.000000,1.000000

40,mixamorig:LeftHandPinky1
0.997447,-0.071413,-0.000287,0.000000
0.071413,0.997411,0.008474,0.000000
-0.000319,-0.008473,0.999964,-0.000000
11.443192,18.881235,-0.461797,1.000000

0.017452,0.999848,0.000000,0.000000
0.000000,0.000000,1.000000,0.000000
0.999848,-0.017452,-0.000000,-0.000000
-5.972134,-136.261490,-170.391983,1.000000

41,mixamorig:LeftHandPinky2
0.997497,0.070708,-0.000313,0.000000
-0.070708,0.997458,-0.008841,0.000000
-0.000313,0.008841,0.999961,-0.000000
-0.000013,4.919627,0.000010,1.000000

0.017453,0.999848,-0.000000,0.000000
0.000000,0.000000,1.000000,0.000000
0.999848,-0.017453,-0.000000,-0.000000
-5.972178,-141.181107,-170.391983,1.000000

42,mixamorig:LeftHandPinky3
1.000000,0.000000,-0.000000,0.000000
0.000000,1.000000,-0.000000,0.000000
-0.000000,-0.000000,1.000000,-0.000000
-0.000006,5.233013,-0.000003,1.000000

0.017452,0.999848,-0.000000,0.000000
0.000000,0.000000,1.000000,0.000000
0.999848,-0.017453,-0.000000,-0.000000
-5.972155,-146.414154,-170.391983,1.000000

43,mixamorig:LeftHandPinky4
1.000000,0.000000,-0.000000,0.000000
0.000000,1.000000,-0.000000,0.000000
-0.000000,-0.000000,1.000000,-0.000000
-0.000006,5.571711,-0.000008,1.000000

0.017452,0.999848,0.000003,0.000000
0.000000,-0.000003,1.000000,0.000000
0.999848,-0.017453,-0.000000,-0.000000
-5.972156,-151.985428,-170.392395,1.000000

44,mixamorig:LeftHandPinky4_end
1.000000,0.000000,-0.000000,0.000000
0.000000,1.000000,-0.000000,0.000000
-0.000000,-0.000000,1.000000,-0.000000
0.000000,5.571726,-0.000000,1.000000

1.000000,0.000000,0.000000,0.000000
0.000000,1.000000,0.000000,0.000000
0.000000,0.000000,1.000000,0.000000
0.000000,0.000000,0.000000,1.000000

45,mixamorig:RightShoulder
0.053149,-0.035390,-0.997959,0.000000
-0.908126,0.413923,-0.063044,0.000000
0.415309,0.909624,-0.010139,-0.000000
-17.399502,24.614250,-1.157872,1.000000

0.088174,-0.952578,0.291239,0.000000
-0.026843,0.290000,0.956650,0.000000
-0.995743,-0.092169,-0.000000,-0.000000
0.855202,-64.920525,-152.856415,1.000000

46,mixamorig:RightArm
0.967368,0.136453,-0.213493,0.000000
-0.214360,0.889983,-0.402467,0.000000
0.135087,0.435098,0.890191,-0.000000
0.000003,19.910387,0.000029,1.000000

-0.000000,-1.000000,0.000000,0.000000
-0.000000,-0.000000,1.000000,0.000000
-1.000000,0.000000,-0.000000,-0.000000
-6.967256,-36.365688,-170.854004,1.000000

47,mixamorig:RightForeArm
0.939737,-0.341898,0.000000,0.000000
0.341898,0.939737,0.000000,0.000000
-0.000000,-0.000000,1.000000,-0.000000
0.000007,49.301289,0.000010,1.000000

0.017452,-0.999848,-0.000000,0.000000
0.000000,-0.000000,1.000000,0.000000
-0.999848,-0.017452,0.000000,-0.000000
-5.471141,-85.775558,-170.854004,1.000000

48,mixamorig:RightHand
0.911456,-0.176090,0.371806,0.000000
-0.093558,0.791363,0.604145,0.000000
-0.400618,-0.585437,0.704818,-0.000000
-0.000015,31.605017,0.000015,1.000000

0.017452,-0.999848,-0.000000,0.000000
0.000000,-0.000000,1.000000,0.000000
-0.999848,-0.017452,0.000000,-0.000000
-5.471149,-117.380539,-170.854004,1.000000

49,mixamorig:RightHandThumb1
0.918282,-0.392706,-0.050401,0.000000
0.354643,0.872435,-0.336281,0.000000
0.176031,0.290926,0.940412,-0.000000
7.059652,6.093994,-4.396999,1.000000

0.522572,-0.766985,-0.372359,0.000000
-0.017888,-0.446503,0.894603,0.000000
-0.852407,-0.460834,-0.247050,-0.000000
54.861362,-26.964222,-198.429031,1.000000

50,mixamorig:RightHandThumb2
0.846838,0.519642,0.113303,0.000000
-0.517103,0.854276,-0.053085,0.000000
-0.124377,-0.013635,0.992141,-0.000000
0.000002,7.536343,0.000012,1.000000

0.522536,-0.767034,-0.372310,0.000000
-0.017910,-0.446445,0.894632,0.000000
-0.852429,-0.460809,-0.247021,-0.000000
54.859806,-34.515877,-198.426773,1.000000

51,mixamorig:RightHandThumb3
0.980367,0.185929,0.065651,0.000000
-0.188665,0.981297,0.038232,0.000000
-0.057314,-0.049868,0.997110,-0.000000
0.000002,7.512647,0.000001,1.000000

0.522560,-0.766994,-0.372360,0.000000
-0.017894,-0.446503,0.894603,0.000000
-0.852415,-0.460821,-0.247050,-0.000000
54.860847,-42.014027,-198.429581,1.000000

52,mixamorig:RightHandThumb4
1.000000,0.000000,-0.000000,0.000000
0.000000,1.000000,-0.000000,0.000000
-0.000000,-0.000000,1.000000,-0.000000
-0.000002,10.212691,0.000001,1.000000

0.522561,-0.766992,-0.372360,0.000000
-0.017895,-0.446505,0.894602,0.000000
-0.852414,-0.460821,-0.247052,-0.000000
54.861240,-52.226295,-198.429596,1.000000

53,mixamorig:RightHandThumb4_end
1.000000,0.000000,-0.000000,0.000000
0.000000,1.000000,-0.000000,0.000000
-0.000000,-0.000000,1.000000,-0.000000
0.000000,10.212686,-0.000000,1.000000

1.000000,0.000000,0.000000,0.000000
0.000000,1.000000,0.000000,0.000000
0.000000,0.000000,1.000000,0.000000
0.000000,0.000000,0.000000,1.000000

54,mixamorig:RightHandIndex1
1.000000,0.000707,-0.000000,0.000000
-0.000707,1.000000,-0.000386,0.000000
-0.000000,0.000386,1.000000,-0.000000
6.192861,21.270979,-0.498999,1.000000

0.017452,-0.999848,-0.000000,0.000000
0.000000,-0.000000,1.000000,0.000000
-0.999848,-0.017452,0.000000,-0.000000
-11.663955,-138.651520,-170.354980,1.000000

55,mixamorig:RightHandIndex2
1.000000,0.000000,-0.000000,0.000000
0.000000,1.000000,-0.000000,0.000000
-0.000000,-0.000000,1.000000,-0.000000
-0.000006,7.535999,-0.000006,1.000000

0.017452,-0.999848,-0.000000,0.000000
0.000000,-0.000000,1.000000,0.000000
-0.999848,-0.017452,0.000000,-0.000000
-11.663990,-146.187561,-170.354980,1.000000

56,mixamorig:RightHandIndex3
1.000000,0.000000,-0.000000,0.000000
0.000000,1.000000,-0.000000,0.000000
-0.000000,-0.000000,1.000000,-0.000000
-0.000000,7.512974,-0.000011,1.000000

0.017452,-0.999848,-0.000000,0.000000
0.000000,-0.000000,1.000000,0.000000
-0.999848,-0.017452,0.000000,-0.000000
-11.664013,-153.700516,-170.354980,1.000000

57,mixamorig:RightHandIndex4
1.000000,0.000000,-0.000000,0.000000
0.000000,1.000000,-0.000000,0.000000
-0.000000,-0.000000,1.000000,-0.000000
0.000013,10.212013,0.000013,1.000000

0.017452,-0.999848,0.000000,0.000000
-0.000000,-0.000000,1.000000,0.000000
-0.999848,-0.017452,-0.000000,-0.000000
-11.663943,-163.912537,-170.354980,1.000000

58,mixamorig:RightHandIndex4_end
1.000000,0.000000,-0.000000,0.000000
0.000000,1.000000,-0.000000,0.000000
-0.000000,-0.000000,1.000000,-0.000000
0.000000,10.212005,-0.000000,1.000000

1.000000,0.000000,0.000000,0.000000
0.000000,1.000000,0.000000,0.000000
0.000000,0.000000,1.000000,0.000000
0.000000,0.000000,0.000000,1.000000

59,mixamorig:RightHandMiddle1
1.000000,0.000707,-0.000000,0.000000
-0.000707,1.000000,-0.000386,0.000000
-0.000000,0.000386,1.000000,-0.000000
-0.016449,23.333986,-0.009007,1.000000

0.017454,-0.999848,-0.000000,0.000000
0.000000,-0.000000,1.000000,0.000000
-0.999848,-0.017454,0.000000,-0.000000
-5.454443,-140.714554,-170.845001,1.000000

60,mixamorig:RightHandMiddle2
1.000000,0.000000,-0.000000,0.000000
0.000000,1.000000,-0.000000,0.000000
-0.000000,-0.000000,1.000000,-0.000000
0.000003,6.996998,0.000002,1.000000

0.017455,-0.999848,-0.000002,0.000000
0.000000,-0.000002,1.000000,0.000000
-0.999848,-0.017455,0.000000,-0.000000
-5.454275,-147.711212,-170.845306,1.000000

61,mixamorig:RightHandMiddle3
1.000000,0.000000,-0.000000,0.000000
0.000000,1.000000,-0.000000,0.000000
-0.000000,-0.000000,1.000000,-0.000000
0.000004,7.015985,-0.000011,1.000000

0.017455,-0.999848,0.000002,0.000000
0.000000,0.000002,1.000000,0.000000
-0.999848,-0.017455,0.000000,-0.000000
-5.454265,-154.727905,-170.844681,1.000000

62,mixamorig:RightHandMiddle4
1.000000,0.000000,-0.000000,0.000000
0.000000,1.000000,-0.000000,0.000000
-0.000000,-0.000000,1.000000,-0.000000
-0.000005,7.720997,0.000013,1.000000

0.017455,-0.999848,0.000002,0.000000
-0.000000,0.000002,1.000000,0.000000
-0.999848,-0.017455,0.000000,-0.000000
-5.454225,-162.448914,-170.844681,1.000000

63,mixamorig:RightHandMiddle4_end
1.000000,0.000000,-0.000000,0.000000
0.000000,1.000000,-0.000000,0.000000
-0.000000,-0.000000,1.000000,-0.000000
0.000000,7.721010,-0.000000,1.000000

1.000000,0.000000,0.000000,0.000000
0.000000,1.000000,0.000000,0.000000
0.000000,0.000000,1.000000,0.000000
0.000000,0.000000,0.000000,1.000000

64,mixamorig:RightHandRing1
1.000000,0.000707,-0.000000,0.000000
-0.000707,1.000000,-0.000386,0.000000
-0.000000,0.000386,1.000000,-0.000000
-6.516896,22.685993,-0.103994,1.000000

0.017452,-0.999848,0.000000,0.000000
-0.000000,-0.000000,1.000000,0.000000
-0.999848,-0.017452,-0.000000,-0.000000
1.045845,-140.066559,-170.750000,1.000000

65,mixamorig:RightHandRing2
1.000000,0.000000,-0.000000,0.000000
0.000000,1.000000,-0.000000,0.000000
-0.000000,-0.000000,1.000000,-0.000000
0.000001,6.409006,-0.000013,1.000000

0.017452,-0.999848,-0.000000,0.000000
0.000000,-0.000000,1.000000,0.000000
-0.999848,-0.017452,0.000000,-0.000000
1.045814,-146.475571,-170.750015,1.000000

66,mixamorig:RightHandRing3
1.000000,0.000000,-0.000000,0.000000
0.000000,1.000000,-0.000000,0.000000
-0.000000,-0.000000,1.000000,-0.000000
0.000008,6.150017,0.000013,1.000000

0.017452,-0.999848,0.000000,0.000000
-0.000000,-0.000000,1.000000,0.000000
-0.999848,-0.017452,-0.000000,-0.000000
1.045846,-152.625595,-170.750015,1.000000

67,mixamorig:RightHandRing4
1.000000,0.000000,-0.000000,0.000000
0.000000,1.000000,-0.000000,0.000000
-0.000000,-0.000000,1.000000,-0.000000
-0.000001,6.145960,0.000017,1.000000

0.017452,-0.999848,0.000000,0.000000
-0.000000,-0.000000,1.000000,0.000000
-0.999848,-0.017452,-0.000000,-0.000000
1.045851,-158.771515,-170.750015,1.000000

68,mixamorig:RightHandRing4_end
1.000000,0.000000,-0.000000,0.000000
0.000000,1.000000,-0.000000,0.000000
-0.000000,-0.000000,1.000000,-0.000000
0.000000,6.145971,-0.000000,1.000000

1.000000,0.000000,0.000000,0.000000
0.000000,1.000000,0.000000,0.000000
0.000000,0.000000,1.000000,0.000000
0.000000,0.000000,0.000000,1.000000

69,mixamorig:RightHandPinky1
1.000000,0.000707,-0.000000,0.000000
-0.000707,1.000000,-0.000386,0.000000
-0.000000,0.000386,1.000000,-0.000000
-11.443190,18.880985,-0.461981,1.000000

0.017452,-0.999848,-0.000000,0.000000
0.000000,-0.000000,1.000000,0.000000
-0.999848,-0.017452,0.000000,-0.000000
5.972069,-136.261536,-170.391983,1.000000

70,mixamorig:RightHandPinky2
1.000000,0.000000,-0.000000,0.000000
0.000000,1.000000,-0.000000,0.000000
-0.000000,-0.000000,1.000000,-0.000000
0.000010,4.920025,0.000010,1.000000

0.017452,-0.999848,0.000000,0.000000
-0.000000,-0.000000,1.000000,0.000000
-0.999848,-0.017452,-0.000000,-0.000000
5.972148,-141.181580,-170.391983,1.000000

71,mixamorig:RightHandPinky3
1.000000,0.000000,-0.000000,0.000000
0.000000,1.000000,-0.000000,0.000000
-0.000000,-0.000000,1.000000,-0.000000
0.000000,5.232998,-0.000000,1.000000

0.017452,-0.999848,-0.000000,0.000000
0.000000,-0.000000,1.000000,0.000000
-0.999848,-0.017452,0.000000,-0.000000
5.972084,-146.414551,-170.391983,1.000000

72,mixamorig:RightHandPinky4
1.000000,0.000000,-0.000000,0.000000
0.000000,1.000000,-0.000000,0.000000
-0.000000,-0.000000,1.000000,-0.000000
-0.000004,5.570992,-0.000008,1.000000

0.017452,-0.999848,-0.000000,0.000000
0.000000,-0.000000,1.000000,0.000000
-0.999848,-0.017452,0.000000,-0.000000
5.972041,-151.985519,-170.391983,1.000000

73,mixamorig:RightHandPinky4_end
1.000000,0.000000,-0.000000,0.000000
0.000000,1.000000,-0.000000,0.000000
-0.000000,-0.000000,1.000000,-0.000000
0.000000,5.570993,-0.000000,1.000000

1.000000,0.000000,0.000000,0.000000
0.000000,1.000000,0.000000,0.000000
0.000000,0.000000,1.000000,0.000000
0.000000,0.000000,0.000000,1.000000

74,mixamorig:RightArmour1
-0.000000,-1.000000,-0.000000,0.000000
-0.000000,-0.000000,1.000000,0.000000
-1.000000,0.000000,-0.000000,-0.000000
-1.467259,5.012879,18.471109,1.000000

1.000000,0.000000,0.000000,0.000000
-0.000000,1.000000,-0.000000,0.000000
-0.000000,-0.000000,1.000000,-0.000000
41.378578,-189.325165,5.500002,1.000000

75,mixamorig:RightArmour2
-0.915899,0.232055,0.327535,0.000000
-0.183487,-0.967759,0.172553,0.000000
0.357016,0.097943,0.928949,-0.000000
3.884920,-9.462738,18.584894,1.000000

-0.915901,-0.183487,0.357017,0.000000
0.232054,-0.967760,0.097943,0.000000
0.327534,0.172553,0.928950,-0.000000
-80.364067,164.926086,-16.385578,1.000000

76,mixamorig:RightArmour3
1.000000,0.000000,-0.000000,0.000000
0.000000,1.000000,-0.000000,0.000000
-0.000000,-0.000000,1.000000,-0.000000
-0.000003,11.039457,0.000004,1.000000

-0.915901,-0.183487,0.357017,0.000000
0.232054,-0.967759,0.097943,0.000000
0.327534,0.172553,0.928950,-0.000000
-80.364075,153.886612,-16.385609,1.000000

77,mixamorig:RightArmour3_end
1.000000,0.000000,-0.000000,0.000000
0.000000,1.000000,-0.000000,0.000000
-0.000000,-0.000000,1.000000,-0.000000
0.000000,11.039469,-0.000000,1.000000

1.000000,0.000000,0.000000,0.000000
0.000000,1.000000,0.000000,0.000000
0.000000,0.000000,1.000000,0.000000
0.000000,0.000000,0.000000,1.000000

78,mixamorig:RightArmour4
0.708032,-0.251874,-0.659734,0.000000
-0.431906,-0.893578,-0.122374,0.000000
-0.558701,0.371588,-0.741468,-0.000000
-2.648944,-11.494681,-22.195314,1.000000

0.708032,-0.431906,-0.558701,0.000000
-0.251874,-0.893578,0.371588,0.000000
-0.659734,-0.122374,-0.741468,-0.000000
57.692268,136.500473,-111.213150,1.000000

79,mixamorig:RightArmour5
1.000000,0.000000,-0.000000,0.000000
0.000000,1.000000,-0.000000,0.000000
-0.000000,-0.000000,1.000000,-0.000000
0.000008,11.039476,-0.000004,1.000000

0.708031,-0.431907,-0.558703,0.000000
-0.251874,-0.893578,0.371589,0.000000
-0.659736,-0.122373,-0.741467,-0.000000
57.692074,125.460983,-111.213257,1.000000

80,mixamorig:RightArmour5_end
1.000000,0.000000,-0.000000,0.000000
0.000000,1.000000,-0.000000,0.000000
-0.000000,-0.000000,1.000000,-0.000000
0.000000,11.039452,-0.000000,1.000000

1.000000,0.000000,0.000000,0.000000
0.000000,1.000000,0.000000,0.000000
0.000000,0.000000,1.000000,0.000000
0.000000,0.000000,0.000000,1.000000

81,mixamorig:LeftUpLeg
-0.986826,-0.086958,-0.136429,0.000000
0.154464,-0.757214,-0.634640,0.000000
-0.048119,-0.647353,0.760670,-0.000000
19.899132,-7.885096,3.429542,1.000000

-1.000000,0.000002,0.000005,0.000000
-0.000004,-0.956250,-0.292551,0.000000
0.000004,-0.292551,0.956249,-0.000000
19.899467,85.179321,25.687468,1.000000

82,mixamorig:LeftLeg
0.992234,0.105584,-0.065750,0.000000
0.008094,0.472679,0.881198,0.000000
0.124119,-0.874887,0.468153,-0.000000
-0.000001,38.282871,-0.000000,1.000000

-1.000000,-0.000003,0.000006,0.000000
0.000005,-0.911258,0.411835,0.000000
0.000004,0.411834,0.911258,-0.000000
19.899033,52.179253,-11.681866,1.000000

83,mixamorig:LeftFoot
0.958095,-0.275873,-0.077126,0.000000
0.049450,0.424493,-0.904080,0.000000
0.282151,0.862380,0.420346,-0.000000
0.000011,32.683983,0.000001,1.000000

-1.000000,0.000001,-0.000000,0.000000
-0.000001,-0.832628,-0.553832,0.000000
-0.000001,-0.553832,0.832627,-0.000000
19.899181,20.246494,10.325009,1.000000

84,mixamorig:LeftToeBase
1.000000,0.000001,0.000001,0.000000
0.000000,0.553276,-0.832998,0.000000
-0.000001,0.832998,0.553276,-0.000000
0.000033,27.100006,-0.000001,1.000000

-1.000000,0.000000,0.000002,0.000000
-0.000002,0.000604,-1.000000,0.000000
-0.000000,-0.999999,-0.000605,-0.000000
19.899157,-12.392573,0.004383,1.000000

85,mixamorig:LeftToe_End
1.000000,0.000000,-0.000000,0.000000
0.000000,1.000000,-0.000000,0.000000
-0.000000,-0.000000,1.000000,-0.000000
0.000013,16.631989,-0.000000,1.000000

-1.000000,0.000000,0.000002,0.000000
-0.000002,0.000604,-1.000000,0.000000
-0.000000,-0.999999,-0.000605,-0.000000
19.899139,-29.024559,0.004381,1.000000

86,mixamorig:LeftToe_End_end
1.000000,0.000000,-0.000000,0.000000
0.000000,1.000000,-0.000000,0.000000
-0.000000,-0.000000,1.000000,-0.000000
0.000000,16.631998,-0.000000,1.000000

1.000000,0.000000,0.000000,0.000000
0.000000,1.000000,0.000000,0.000000
0.000000,0.000000,1.000000,0.000000
0.000000,0.000000,0.000000,1.000000

87,mixamorig:RightUpLeg
-0.938016,0.115027,0.326948,0.000000
-0.272359,-0.828034,-0.490083,0.000000
0.214351,-0.548753,0.808037,-0.000000
-19.899117,-7.885035,3.429538,1.000000

-1.000000,-0.000000,0.000000,0.000000
0.000000,-0.956250,-0.292550,0.000000
0.000000,-0.292551,0.956249,-0.000000
-19.899101,85.179367,25.687513,1.000000

88,mixamorig:RightLeg
0.974086,-0.223246,0.036303,0.000000
0.062256,0.418949,0.905873,0.000000
-0.217441,-0.880138,0.421991,-0.000000
0.000000,38.282883,0.000001,1.000000

-1.000000,0.000000,-0.000000,0.000000
-0.000000,-0.911259,0.411834,0.000000
-0.000000,0.411833,0.911259,-0.000000
-19.899096,52.179184,-11.681712,1.000000

89,mixamorig:RightFoot
0.946857,0.221766,0.232985,0.000000
0.134506,0.384972,-0.913074,0.000000
-0.292181,0.895888,0.334685,-0.000000
-0.000000,32.684002,0.000003,1.000000

-1.000000,0.000000,0.000001,0.000000
-0.000001,-0.832628,-0.553833,0.000000
0.000001,-0.553833,0.832627,-0.000000
-19.899084,20.246466,10.325022,1.000000

90,mixamorig:RightToeBase
1.000000,0.000001,-0.000001,0.000000
-0.000001,0.495834,-0.868417,0.000000
-0.000001,0.868417,0.495834,-0.000000
0.000001,27.100002,-0.000000,1.000000

-1.000000,-0.000000,0.000002,0.000000
-0.000002,0.000602,-1.000000,0.000000
-0.000000,-0.999999,-0.000602,-0.000000
-19.899094,-12.392598,0.004460,1.000000

91,mixamorig:RightToe_End
1.000000,0.000000,-0.000000,0.000000
0.000000,1.000000,-0.000000,0.000000
-0.000000,-0.000000,1.000000,-0.000000
0.000002,16.631933,-0.000000,1.000000

-1.000000,-0.000000,0.000002,0.000000
-0.000002,0.000602,-1.000000,0.000000
-0.000000,-0.999999,-0.000602,-0.000000
-19.899094,-29.024530,0.004460,1.000000

92,mixamorig:RightToe_End_end
1.000000,0.000000,-0.000000,0.000000
0.000000,1.000000,-0.000000,0.000000
-0.000000,-0.000000,1.000000,-0.000000
0.000000,16.631947,-0.000000,1.000000

1.000000,0.000000,0.000000,0.000000
0.000000,1.000000,0.000000,0.000000
0.000000,0.000000,1.000000,0.000000
0.000000,0.000000,0.000000,1.000000

93,mixamorig:FrontCloth1
1.000000,-0.000003,0.000000,0.000000
-0.000003,-1.000000,0.000000,0.000000
0.000000,-0.000000,-1.000000,-0.000000
-0.000032,-19.940701,-22.170233,1.000000

1.000000,-0.000002,0.000000,0.000000
-0.000002,-1.000000,-0.000000,0.000000
0.000000,0.000000,-1.000000,-0.000000
0.000127,76.912071,-25.244190,1.000000

94,mixamorig:FrontCloth2
1.000000,0.000000,-0.000000,0.000000
0.000000,1.000000,-0.000000,0.000000
-0.000000,-0.000000,1.000000,-0.000000
-0.000000,10.763322,0.000001,1.000000

1.000000,0.000000,-0.000000,0.000000
0.000000,-1.000000,-0.000000,0.000000
-0.000000,-0.000000,-1.000000,-0.000000
0.000015,66.148743,-25.244190,1.000000

95,mixamorig:FrontCloth3
1.000000,0.000000,-0.000000,0.000000
0.000000,1.000000,-0.000000,0.000000
-0.000000,-0.000000,1.000000,-0.000000
0.000000,13.749533,-0.000001,1.000000

1.000000,-0.000000,-0.000000,0.000000
0.000000,-1.000000,-0.000000,0.000000
-0.000000,-0.000000,-1.000000,-0.000000
0.000015,52.399208,-25.244188,1.000000

96,mixamorig:FrontCloth4
1.000000,0.000000,-0.000000,0.000000
0.000000,1.000000,-0.000000,0.000000
-0.000000,-0.000000,1.000000,-0.000000
-0.000000,14.182618,-0.000001,1.000000

1.000000,-0.000000,-0.000000,0.000000
0.000000,-1.000000,-0.000000,0.000000
-0.000000,-0.000000,-1.000000,-0.000000
0.000015,38.216591,-25.244192,1.000000

97,mixamorig:FrontCloth4_end
1.000000,0.000000,-0.000000,0.000000
0.000000,1.000000,-0.000000,0.000000
-0.000000,-0.000000,1.000000,-0.000000
0.000000,14.182621,-0.000000,1.000000

1.000000,0.000000,0.000000,0.000000
0.000000,1.000000,0.000000,0.000000
0.000000,0.000000,1.000000,0.000000
0.000000,0.000000,0.000000,1.000000

98,mixamorig:BackCloth1
-0.000002,-1.000000,0.000000,0.000000
1.000000,-0.000002,0.000000,0.000000
-0.000000,0.000000,1.000000,-0.000000
-0.000015,-5.419221,29.327026,1.000000

0.000000,1.000000,-0.000000,0.000000
-1.000000,0.000000,0.000000,0.000000
0.000000,0.000000,1.000000,-0.000000
91.433556,-0.000008,-26.253059,1.000000

99,mixamorig:BackCloth2
1.000000,0.000000,-0.000000,0.000000
0.000000,1.000000,-0.000000,0.000000
-0.000000,-0.000000,1.000000,-0.000000
15.308609,-0.000002,-0.000001,1.000000

0.000000,1.000000,-0.000000,0.000000
-1.000000,0.000000,0.000000,0.000000
0.000000,-0.000000,1.000000,-0.000000
76.124947,-0.000006,-26.253057,1.000000

100,mixamorig:BackCloth3
1.000000,0.000000,-0.000000,0.000000
0.000000,1.000000,-0.000000,0.000000
-0.000000,-0.000000,1.000000,-0.000000
17.777113,-0.000002,-0.000002,1.000000

0.000000,1.000000,-0.000000,0.000000
-1.000000,0.000000,0.000000,0.000000
0.000000,-0.000000,1.000000,-0.000000
58.347839,-0.000005,-26.253059,1.000000

101,mixamorig:BackCloth4
1.000000,0.000000,-0.000000,0.000000
0.000000,1.000000,-0.000000,0.000000
-0.000000,-0.000000,1.000000,-0.000000
15.545360,-0.000001,-0.000008,1.000000

0.000000,1.000000,-0.000000,0.000000
-1.000000,0.000000,0.000000,0.000000
0.000000,-0.000000,1.000000,-0.000000
42.802471,-0.000004,-26.253057,1.000000

102,mixamorig:BackCloth4_end
1.000000,0.000000,-0.000000,0.000000
0.000000,1.000000,-0.000000,0.000000
-0.000000,-0.000000,1.000000,-0.000000
0.000000,15.545357,-0.000000,1.000000

1.000000,0.000000,0.000000,0.000000
0.000000,1.000000,0.000000,0.000000
0.000000,0.000000,1.000000,0.000000
0.000000,0.000000,0.000000,1.000000

103,Warrok
1.000000,0.000000,-0.000000,0.000000
0.000000,1.000000,-0.000000,0.000000
-0.000000,-0.000000,1.000000,-0.000000
0.000000,0.000000,-0.000000,1.000000

1.000000,0.000000,0.000000,0.000000
0.000000,1.000000,0.000000,0.000000
0.000000,0.000000,1.000000,0.000000
0.000000,0.000000,0.000000,1.000000



Warrok
warrok_MAT
3.427884,196.631088,-45.886948,7,10,0,0,0.900000,0.100000,0.000000,0.000000
3.307096,196.590134,-46.523285,7,10,0,0,0.900000,0.100000,0.000000,0.000000
3.753653,196.384583,-46.202667,7,10,0,0,0.900000,0.100000,0.000000,0.000000
-3.753869,196.384537,-46.202545,7,12,0,0,0.900000,0.100000,0.000000,0.000000
-3.306679,196.590378,-46.523758,7,12,0,0,0.900000,0.100000,0.000000,0.000000
-3.428080,196.631012,-45.886856,7,12,0,0,0.900000,0.100000,0.000000,0.000000
3.095116,196.356750,-47.084290,7,10,0,0,0.900000,0.100000,0.000000,0.000000
3.307096,196.590134,-46.523285,7,10,0,0,0.900000,0.100000,0.000000,0.000000
2.925487,196.769760,-46.912094,7,10,0,0,0.900000,0.100000,0.000000,0.000000
-2.913029,196.775482,-46.923843,7,12,0,0,0.901500,0.098500,0.000000,0.000000
-3.306679,196.590378,-46.523758,7,12,0,0,0.900000,0.100000,0.000000,0.000000
-3.094219,196.357208,-47.085205,7,12,0,0,0.900100,0.099900,0.000000,0.000000
5.834720,197.635223,-44.041290,7,0,0,0,1.000000,0.000000,0.000000,0.000000
6.580472,198.670395,-43.426102,7,0,0,0,1.000000,0.000000,0.000000,0.000000
5.771746,198.234436,-44.464874,7,0,0,0,1.000000,0.000000,0.000000,0.000000
-5.771423,198.234650,-44.464188,7,0,0,0,1.000000,0.000000,0.000000,0.000000
-6.577863,198.666077,-43.418777,7,0,0,0,1.000000,0.000000,0.000000,0.000000
-5.834583,197.635345,-44.040894,7,0,0,0,1.000000,0.000000,0.000000,0.000000
4.282713,197.809937,-45.676132,7,10,0,0,0.900000,0.100000,0.000000,0.000000
5.052866,197.688843,-45.022705,7,10,0,0,0.900000,0.100000,0.000000,0.000000
4.722484,198.359283,-45.662277,7,0,0,0,1.000000,0.000000,0.000000,0.000000
-4.722560,198.359268,-45.662231,7,0,0,0,1.000000,0.000000,0.000000,0.000000
-5.052967,197.688843,-45.022705,7,12,0,0,0.900000,0.100000,0.000000,0.000000
-4.282814,197.809921,-45.676132,7,12,0,0,0.900000,0.100000,0.000000,0.000000
2.187091,197.487534,-47.416519,7,0,0,0,1.000000,0.000000,0.000000,0.000000
2.079499,196.671509,-48.451218,7,0,0,0,1.000000,0.000000,0.000000,0.000000
2.925487,196.769760,-46.912094,7,10,0,0,0.900000,0.100000,0.000000,0.000000
-2.913029,196.775482,-46.923843,7,12,0,0,0.901500,0.098500,0.000000,0.000000
-2.079083,196.671753,-48.451721,7,0,0,0,1.000000,0.000000,0.000000,0.000000
-2.186193,197.487991,-47.417435,7,0,0,0,1.000000,0.000000,0.000000,0.000000
0.977761,197.032654,-49.186264,7,0,0,0,1.000000,0.000000,0.000000,0.000000
1.777010,195.423325,-50.822998,7,0,0,0,1.000000,0.000000,0.000000,0.000000
2.079499,196.671509,-48.451218,7,0,0,0,1.000000,0.000000,0.000000,0.000000
-2.079083,196.671753,-48.451721,7,0,0,0,1.000000,0.000000,0.000000,0.000000
-1.777174,195.423294,-50.822952,7,0,0,0,1.000000,0.000000,0.000000,0.000000
-0.977979,197.032578,-49.186142,7,0,0,0,1.000000,0.000000,0.000000,0.000000
2.019823,193.950195,-51.252457,7,0,0,0,1.000000,0.000000,0.000000,0.000000
2.723767,194.913300,-49.689392,7,0,0,0,1.000000,0.000000,0.000000,0.000000
1.777010,195.423325,-50.822998,7,0,0,0,1.000000,0.000000,0.000000,0.000000
-1.777174,195.423294,-50.822952,7,0,0,0,1.000000,0.000000,0.000000,0.000000
-2.723906,194.913269,-49.689362,7,0,0,0,1.000000,0.000000,0.000000,0.000000
-2.019926,193.950195,-51.252457,7,0,0,0,1.000000,0.000000,0.000000,0.000000
3.979369,198.288452,-46.633499,7,0,0,0,1.000000,0.000000,0.000000,0.000000
3.430408,199.781921,-46.251541,7,0,0,0,1.000000,0.000000,0.000000,0.000000
2.889549,197.895050,-47.204605,7,0,0,0,1.000000,0.000000,0.000000,0.000000
-2.889720,197.895020,-47.204544,7,0,0,0,1.000000,0.000000,0.000000,0.000000
-3.436632,199.774261,-46.250381,7,0,0,0,1.000000,0.000000,0.000000,0.000000
-3.979506,198.288437,-46.633469,7,0,0,0,1.000000,0.000000,0.000000,0.000000
1.588745,199.873154,-47.115738,7,0,0,0,1.000000,0.000000,0.000000,0.000000
2.889549,197.895050,-47.204605,7,0,0,0,1.000000,0.000000,0.000000,0.000000
3.430408,199.781921,-46.251541,7,0,0,0,1.000000,0.000000,0.000000,0.000000
-3.436632,199.774261,-46.250381,7,0,0,0,1.000000,0.000000,0.000000,0.000000
-2.889720,197.895020,-47.204544,7,0,0,0,1.000000,0.000000,0.000000,0.000000
-1.590525,199.872482,-47.115082,7,0,0,0,1.000000,0.000000,0.000000,0.000000
-2.306595,202.713120,-45.075745,7,0,0,0,1.000000,0.000000,0.000000,0.000000
-2.842599,205.237991,-43.118713,7,0,0,0,1.000000,0.000000,0.000000,0.000000
-4.037260,202.132019,-44.183151,7,0,0,0,1.000000,0.000000,0.000000,0.000000
-0.000052,193.129547,-51.641617,7,0,0,0,1.000000,0.000000,0.000000,0.000000
2.019823,193.950195,-51.252457,7,0,0,0,1.000000,0.000000,0.000000,0.000000
-0.000052,194.356277,-52.184372,7,0,0,0,1.000000,0.000000,0.000000,0.000000
-0.000052,194.356277,-52.184372,7,0,0,0,1.000000,0.000000,0.000000,0.000000
-2.019926,193.950195,-51.252457,7,0,0,0,1.000000,0.000000,0.000000,0.000000
-0.000052,193.129547,-51.641617,7,0,0,0,1.000000,0.000000,0.000000,0.000000
2.118963,192.620590,-51.598495,7,0,0,0,1.000000,0.000000,0.000000,0.000000
3.232137,193.197693,-50.904495,7,0,0,0,1.000000,0.000000,0.000000,0.000000
2.019823,193.950195,-51.252457,7,0,0,0,1.000000,0.000000,0.000000,0.000000
-2.019926,193.950195,-51.252457,7,0,0,0,1.000000,0.000000,0.000000,0.000000
-3.232240,193.197693,-50.904495,7,0,0,0,1.000000,0.000000,0.000000,0.000000
-2.119066,192.620590,-51.598495,7,0,0,0,1.000000,0.000000,0.000000,0.000000
4.368385,192.025009,-48.973953,7,0,0,0,1.000000,0.000000,0.000000,0.000000
3.430207,191.543701,-50.553513,7,0,0,0,1.000000,0.000000,0.000000,0.000000
4.413417,191.190430,-48.585648,7,0,0,0,1.000000,0.000000,0.000000,0.000000
