0,RootNode
1.000000,0.000000,-0.000000,0.000000
0.000000,1.000000,-0.000000,0.000000
-0.000000,-0.000000,1.000000,-0.000000
0.000000,0.000000,-0.000000,1.000000

1.000000,0.000000,0.000000,0.000000
0.000000,1.000000,0.000000,0.000000
0.000000,0.000000,1.000000,0.000000
0.000000,0.000000,0.000000,1.000000
1,human_rig
1.000000,0.000000,0.000000,0.000000
-0.000000,-0.000000,1.000000,0.000000
0.000000,-1.000000,-0.000000,-0.000000
0.000000,112.199760,-0.000000,1.000000

1.000000,0.000000,0.000000,0.000000
0.000000,1.000000,0.000000,0.000000
0.000000,0.000000,1.000000,0.000000
0.000000,0.000000,0.000000,1.000000
2,root
1.000000,0.000000,0.000000,0.000000
-0.000000,-0.000000,1.000000,0.000000
0.000000,-1.000000,-0.000000,-0.000000
0.000000,0.000000,-0.000000,1.000000

1.000000,0.000000,0.000000,0.000000
0.000000,1.000000,0.000000,0.000000
0.000000,0.000000,1.000000,0.000000
0.000000,0.000000,0.000000,1.000000
3,root.x
1.000000,-0.000007,0.000001,0.000000
0.000000,-0.139892,-0.990167,0.000000
0.000007,0.990167,-0.139892,-0.000000
0.000000,6.927331,-204.860611,1.000000

1.000000,0.000000,-0.000007,0.000000
0.000007,-0.139892,0.990167,0.000000
-0.000001,-0.990167,-0.139892,-0.000000
0.000147,231.006561,20.711147,1.000000
4,spine_01.x
1.000000,0.000000,0.000007,0.000000
-0.000001,0.986607,0.163117,0.000000
-0.000007,-0.163117,0.986607,-0.000000
-0.000006,39.502754,0.913141,1.000000

1.000000,-0.000000,0.000000,0.000000
0.000000,0.023494,0.999724,0.000000
0.000000,-0.999724,0.023494,-0.000000
0.000000,192.168289,-11.704641,1.000000
5,spine_02.x
1.000000,0.000000,-0.000000,0.000000
0.000000,1.000000,-0.000000,0.000000
-0.000000,-0.000000,1.000000,-0.000000
-0.000000,39.252922,-0.000000,1.000000

1.000000,0.000000,0.000000,0.000000
0.000000,0.023494,0.999724,0.000000
0.000000,-0.999724,0.023494,-0.000000
0.000000,152.915436,-11.704643,1.000000
6,spine_03.x
1.000000,0.000000,-0.000000,0.000000
0.000000,1.000000,-0.000000,0.000000
-0.000000,-0.000000,1.000000,-0.000000
-0.000000,39.252892,-0.000000,1.000000

1.000000,0.000000,0.000000,0.000000
0.000000,0.023494,0.999724,0.000000
0.000000,-0.999724,0.023494,-0.000000
0.000000,113.662483,-11.704647,1.000000
7,neck.x
1.000000,0.000000,-0.000000,0.000000
0.000000,0.983546,-0.180660,0.000000
-0.000000,0.180660,0.983546,-0.000000
-0.000000,39.252888,0.000000,1.000000

1.000000,0.000000,0.000000,0.000000
0.000000,-0.157502,0.987519,0.000000
0.000000,-0.987519,-0.157502,-0.000000
0.000000,75.299873,1.930773,1.000000
8,head.x
1.000000,0.000000,-0.000000,0.000000
0.000000,0.998542,-0.053987,0.000000
-0.000000,0.053987,0.998542,-0.000000
-0.000000,18.568422,-0.000005,1.000000

1.000000,0.000000,0.000000,0.000000
0.000000,-0.210586,0.977575,0.000000
0.000000,-0.977576,-0.210586,-0.000000
0.000000,56.544434,4.990718,1.000000
9,human_rig_hair
1.000000,0.000000,0.000000,0.000000
-0.000000,-0.000000,1.000000,0.000000
0.000000,-1.000000,-0.000000,-0.000000
0.000001,407.740601,-4.881248,1.000000

1.000000,0.000000,0.000000,0.000000
0.000000,1.000000,0.000000,0.000000
0.000000,0.000000,1.000000,0.000000
0.000000,0.000000,0.000000,1.000000
10,shoulder.l
0.354372,-0.020043,-0.934890,0.000000
0.935104,0.008326,0.354275,0.000000
0.000683,-0.999764,0.021693,-0.000000
8.718659,22.533594,-9.004820,1.000000

0.354372,0.935104,0.000683,0.000000
-0.935103,0.354372,-0.001802,0.000000
-0.001926,0.000000,0.999998,-0.000000
-2.392147,-8.350637,-91.172020,1.000000
11,arm_stretch.l
-0.937038,0.348247,0.026158,0.000000
0.348830,0.936915,0.022521,0.000000
-0.016665,0.030228,-0.999404,-0.000000
0.000004,27.971209,-0.000025,1.000000

-0.006395,0.999744,0.021679,0.000000
0.999589,0.005784,0.028095,0.000000
0.027963,0.021850,-0.999370,-0.000000
-12.792278,-36.918274,90.059578,1.000000
12,arm_twist.l
1.000000,0.000000,-0.000000,0.000000
0.000000,1.000000,-0.000000,0.000000
-0.000000,-0.000000,1.000000,-0.000000
0.000000,0.000000,-0.000000,1.000000

-0.006395,0.999744,0.021680,0.000000
0.999589,0.005785,0.028096,0.000000
0.027963,0.021851,-0.999370,-0.000000
-12.792313,-36.918365,90.059547,1.000000
13,forearm_stretch.l
-0.638219,0.769855,-0.000000,0.000000
-0.769855,-0.638219,0.000001,0.000000
0.000000,0.000001,1.000000,-0.000000
0.000000,66.047668,-0.000016,1.000000

-0.018600,0.999592,0.021680,0.000000
0.999443,0.017988,0.028095,0.000000
0.027694,0.022190,-0.999370,-0.000000
-11.534192,-103.114540,90.059486,1.000000
14,forearm_twist.l
-0.998244,0.000000,-0.059240,0.000000
0.000000,1.000000,0.000001,0.000000
0.059240,0.000001,-0.998244,-0.000000
-0.000002,23.443771,-0.000023,1.000000

0.017977,0.999592,-0.022198,0.000000
-0.999838,0.017988,0.000298,0.000000
0.000697,0.022189,0.999753,-0.000000
8.972079,-126.558235,-90.350754,1.000000
15,hand.l
-0.921593,-0.384407,-0.053834,0.000000
-0.382099,0.922849,-0.048480,0.000000
0.068316,-0.024109,-0.997372,-0.000000
0.000004,46.887524,0.000005,1.000000

-0.011743,0.999849,-0.012767,0.000000
-0.999931,-0.011741,0.000186,0.000000
0.000036,0.012768,0.999918,-0.000000
13.426869,-148.810028,-91.758751,1.000000
16,shoulder.r
0.354372,0.020043,0.934890,0.000000
-0.935104,0.008326,0.354275,0.000000
-0.000683,-0.999764,0.021693,-0.000000
-8.718659,22.533594,-9.004820,1.000000

0.354372,-0.935104,-0.000683,0.000000
0.935103,0.354372,-0.001802,0.000000
0.001926,0.000000,0.999998,-0.000000
2.392148,-8.350639,-91.172020,1.000000
17,arm_stretch.r
-0.937038,-0.348247,-0.026158,0.000000
-0.348830,0.936915,0.022521,0.000000
0.016665,0.030228,-0.999404,-0.000000
-0.000004,27.971209,-0.000025,1.000000

-0.006395,-0.999744,-0.021679,0.000000
-0.999589,0.005784,0.028095,0.000000
-0.027963,0.021850,-0.999370,-0.000000
12.792278,-36.918278,90.059578,1.000000
18,arm_twist.r
1.000000,0.000000,-0.000000,0.000000
0.000000,1.000000,-0.000000,0.000000
-0.000000,-0.000000,1.000000,-0.000000
0.000000,0.000000,-0.000000,1.000000

-0.006395,-0.999744,-0.021680,0.000000
-0.999589,0.005785,0.028096,0.000000
-0.027963,0.021851,-0.999370,-0.000000
12.792314,-36.918365,90.059547,1.000000
19,forearm_stretch.r
-0.638218,-0.769855,0.000000,0.000000
0.769855,-0.638218,0.000001,0.000000
-0.000000,0.000001,1.000000,-0.000000
-0.000000,66.047668,-0.000016,1.000000

-0.018600,-0.999592,-0.021680,0.000000
-0.999443,0.017988,0.028095,0.000000
-0.027694,0.022190,-0.999370,-0.000000
11.534192,-103.114540,90.059456,1.000000
20,forearm_twist.r
-0.998244,-0.000000,0.059241,0.000000
-0.000000,1.000000,0.000001,0.000000
-0.059241,0.000001,-0.998244,-0.000000
0.000004,23.443769,0.000007,1.000000

0.017977,-0.999592,0.022198,0.000000
0.999838,0.017988,0.000298,0.000000
-0.000697,0.022189,0.999753,-0.000000
-8.972079,-126.558235,-90.350784,1.000000
21,hand.r
-0.921593,0.384407,0.053834,0.000000
0.382099,0.922849,-0.048480,0.000000
-0.068316,-0.024109,-0.997372,-0.000000
-0.000010,46.887512,0.000036,1.000000

-0.011743,-0.999849,0.012767,0.000000
0.999931,-0.011741,0.000186,0.000000
-0.000036,0.012768,0.999918,-0.000000
-13.426869,-148.810013,-91.758751,1.000000
22,thigh_stretch.l
0.036202,0.314446,-0.948585,0.000000
0.027788,-0.971220,-0.320890,0.000000
-0.998976,-0.014408,-0.042901,-0.000000
19.301662,0.000020,0.000138,1.000000

-0.015381,0.023105,-0.999612,0.000000
-0.985837,-0.167327,0.011301,0.000000
-0.167001,0.985631,0.025351,-0.000000
50.621075,-226.773972,13.288672,1.000000
23,leg_stretch.l
0.955960,0.287096,-0.002044,0.000000
-0.281286,0.936515,-0.013982,0.000000
-0.002151,0.014282,0.999891,-0.000000
-0.000003,78.161766,0.000002,1.000000

-0.008688,0.026362,-0.999612,0.000000
-0.994858,0.100652,0.011301,0.000000
0.100912,0.994572,0.025351,-0.000000
-32.228535,-307.424133,13.288657,1.000000
24,foot.l
0.045675,0.112433,0.992625,0.000000
-0.264492,0.960758,-0.096652,0.000000
-0.963473,-0.257841,0.073539,-0.000000
0.000002,81.094994,-0.000001,1.000000

-0.999929,-0.010773,0.004395,0.000000
0.011630,-0.936157,0.351390,0.000000
0.000328,0.351417,0.936219,-0.000000
23.035973,-130.113052,-367.018127,1.000000
25,toes_01.l
-0.990825,-0.121568,-0.059059,0.000000
-0.078305,0.872511,-0.482279,0.000000
0.110159,-0.473230,-0.874024,-0.000000
0.000001,35.090542,-0.000003,1.000000

0.999918,-0.011416,-0.005328,0.000000
-0.012598,-0.905818,-0.423479,0.000000
0.000009,0.423513,-0.905890,-0.000000
-23.196062,-193.359161,352.986420,1.000000
26,leg_twist.l
0.990632,-0.000000,-0.136562,0.000000
0.000000,1.000000,-0.000000,0.000000
0.136562,-0.000000,0.990632,-0.000000
0.000003,40.547501,0.000001,1.000000

-0.008688,0.026362,-0.999612,0.000000
-0.994857,0.100652,0.011301,0.000000
0.100912,0.994572,0.025351,-0.000000
-32.228539,-347.971588,13.288665,1.000000
27,thigh_twist.l
0.998655,-0.000000,0.051845,0.000000
0.000000,1.000000,-0.000000,0.000000
-0.051845,0.000000,0.998655,-0.000000
0.000000,0.000000,-0.000000,1.000000

-0.015381,0.023105,-0.999612,0.000000
-0.985837,-0.167327,0.011301,0.000000
-0.167001,0.985631,0.025351,-0.000000
50.621098,-226.774002,13.288659,1.000000
28,thigh_stretch.r
0.426961,-0.869020,-0.250017,0.000000
-0.903650,-0.420276,-0.082376,0.000000
-0.033490,0.261099,-0.964731,-0.000000
-19.301666,0.000004,-0.000133,1.000000

-0.015380,-0.023105,0.999612,0.000000
0.985837,-0.167327,0.011300,0.000000
0.167001,0.985631,0.025351,-0.000000
-50.621086,-226.773972,13.288686,1.000000
29,leg_stretch.r
-0.604527,-0.796585,-0.000000,0.000000
0.796585,-0.604527,-0.000000,0.000000
0.000000,-0.000000,1.000000,-0.000000
-0.000006,78.161697,0.000001,1.000000

-0.008688,-0.026362,0.999612,0.000000
0.994857,0.100652,0.011301,0.000000
-0.100912,0.994572,0.025351,-0.000000
32.228539,-307.424133,13.288654,1.000000
30,foot.r
0.007839,0.029404,-0.999537,0.000000
-0.704902,0.709139,0.015333,0.000000
0.709262,0.704455,0.026286,-0.000000
-0.000008,81.095032,0.000003,1.000000

-0.999929,0.010773,-0.004395,0.000000
-0.011630,-0.936157,0.351390,0.000000
-0.000327,0.351417,0.936218,-0.000000
-23.036015,-130.112991,-367.018066,1.000000
31,toes_01.r
-0.999999,-0.001018,0.000034,0.000000
-0.001012,0.996932,0.078269,0.000000
-0.000114,0.078269,-0.996932,-0.000000
0.000002,35.090557,-0.000005,1.000000

0.999918,0.011416,0.005328,0.000000
0.012598,-0.905819,-0.423479,0.000000
-0.000009,0.423513,-0.905890,-0.000000
23.196190,-193.359192,352.986359,1.000000
32,leg_twist.r
0.999992,-0.000000,-0.004056,0.000000
0.000000,1.000000,-0.000000,0.000000
0.004056,-0.000000,0.999992,-0.000000
-0.000007,40.547531,0.000000,1.000000

-0.008688,-0.026362,0.999612,0.000000
0.994857,0.100652,0.011301,0.000000
-0.100912,0.994572,0.025351,-0.000000
32.228527,-347.971588,13.288666,1.000000
33,thigh_twist.r
-0.020091,0.000000,-0.999798,0.000000
-0.000000,1.000000,0.000000,0.000000
0.999798,0.000000,-0.020091,-0.000000
0.000000,0.000000,-0.000000,1.000000

-0.015381,-0.023105,0.999612,0.000000
0.985837,-0.167327,0.011301,0.000000
0.167001,0.985631,0.025351,-0.000000
-50.621078,-226.774033,13.288683,1.000000


human_rig
human_cloth
0.000000,-13.001267,-205.728821,16,10,6,7,0.444354,0.444354,0.080777,0.030514
0.000000,-15.749444,-198.045425,16,10,6,5,0.404882,0.404882,0.100184,0.090052
7.439289,-15.466558,-198.116165,10,16,5,6,0.690690,0.131278,0.090881,0.087152
7.355409,-12.763461,-205.549576,10,16,6,7,0.826711,0.096462,0.047365,0.029461
0.000000,20.042389,-194.721542,6,5,16,10,0.740155,0.134000,0.062923,0.062923
13.688749,19.451328,-195.521240,6,10,5,12,0.506818,0.311915,0.144298,0.036969
13.921000,19.741720,-187.898132,6,5,10,12,0.456979,0.310217,0.201732,0.031072
0.000000,20.241695,-188.181793,6,5,16,10,0.624355,0.295594,0.040026,0.040026
13.921000,19.741720,-187.898132,6,5,10,12,0.456979,0.310217,0.201732,0.031072
13.688749,19.451328,-195.521240,6,10,5,12,0.506818,0.311915,0.144298,0.036969
26.314180,17.630543,-195.978241,10,12,6,5,0.616868,0.163046,0.121303,0.098782
26.653744,17.882662,-188.287216,10,5,12,6,0.502872,0.230437,0.137590,0.129101
26.314180,17.630543,-195.978241,10,12,6,5,0.616868,0.163046,0.121303,0.098782
38.484024,15.777047,-196.429596,12,10,5,11,0.691347,0.221749,0.044217,0.042687
38.305901,15.098755,-189.909439,10,12,5,11,0.456750,0.410067,0.108140,0.025043
26.653744,17.882662,-188.287216,10,5,12,6,0.502872,0.230437,0.137590,0.129101
0.000000,20.241695,-188.181793,6,5,16,10,0.624355,0.295594,0.040026,0.040026
13.921000,19.741720,-187.898132,6,5,10,12,0.456979,0.310217,0.201732,0.031072
13.746375,19.834270,-178.678802,5,6,10,12,0.722298,0.152653,0.111485,0.013564
0.000000,20.482683,-179.979843,5,6,16,10,0.803807,0.182999,0.006597,0.006597
39.434418,0.528849,-165.517410,5,10,12,3,0.538577,0.303879,0.135264,0.022280
37.957333,-6.016012,-165.467163,5,10,12,3,0.551809,0.301246,0.118017,0.028927
36.391327,-7.829006,-149.654037,5,10,3,0,0.872986,0.068655,0.058358,0.000000
37.851791,-0.463998,-149.483749,5,10,3,4,0.871154,0.071330,0.044762,0.012753
23.335453,18.833378,-126.828804,5,4,3,10,0.493764,0.373733,0.121354,0.011149
23.686100,18.669371,-149.393127,5,4,10,0,0.919202,0.058033,0.022765,0.000000
33.664341,14.520412,-149.427048,5,10,4,0,0.886522,0.058925,0.054554,0.000000
33.550217,14.368695,-126.620270,5,4,3,10,0.484574,0.304602,0.182053,0.028772
22.436996,18.707796,-93.536522,3,4,5,27,0.551437,0.375681,0.043012,0.029871
11.220577,19.517794,-94.354843,3,4,5,27,0.493277,0.443071,0.035773,0.027879
11.632405,19.909357,-105.537781,4,3,5,0,0.791133,0.137778,0.071089,0.000000
22.984806,18.997387,-104.264473,4,3,5,0,0.676734,0.237827,0.085439,0.000000
6.677893,-21.880835,-128.609619,5,3,0,0,0.511937,0.488063,0.000000,0.000000
0.000000,-22.045174,-129.231293,5,3,0,0,0.518325,0.481675,0.000000,0.000000
0.000000,-22.608124,-105.623245,3,5,0,0,0.911782,0.088218,0.000000,0.000000
6.926273,-22.460327,-104.587723,3,5,0,0,0.918610,0.081390,0.000000,0.000000
0.000000,20.372633,-165.806778,5,6,4,16,0.900853,0.091034,0.004830,0.003282
13.490499,19.866428,-164.455856,5,6,10,4,0.853895,0.077264,0.056427,0.012414
13.234624,19.898588,-150.232910,5,4,0,0,0.975208,0.024792,0.000000,0.000000
0.000000,20.262583,-151.633713,5,4,0,0,0.990451,0.009549,0.000000,0.000000
13.746375,19.834270,-178.678802,5,6,10,12,0.722298,0.152653,0.111485,0.013564
13.921000,19.741720,-187.898132,6,5,10,12,0.456979,0.310217,0.201732,0.031072
26.653744,17.882662,-188.287216,10,5,12,6,0.502872,0.230437,0.137590,0.129101
26.112854,17.772919,-178.226593,5,10,12,6,0.558650,0.270567,0.090944,0.079839
26.653744,17.882662,-188.287216,10,5,12,6,0.502872,0.230437,0.137590,0.129101
38.305901,15.098755,-189.909439,10,12,5,11,0.456750,0.410067,0.108140,0.025043
35.537529,13.770643,-179.153580,10,5,12,6,0.442911,0.331712,0.193140,0.032237
26.112854,17.772919,-178.226593,5,10,12,6,0.558650,0.270567,0.090944,0.079839
37.737553,6.908776,-126.823700,5,3,4,10,0.489070,0.251871,0.225893,0.033166
38.081425,-0.677411,-126.613113,5,3,4,10,0.481571,0.348379,0.135159,0.034891
38.311062,-0.890824,-103.742477,3,4,5,27,0.630433,0.248944,0.107071,0.013552
37.962730,6.570590,-103.796478,3,4,5,0,0.478290,0.413923,0.107787,0.000000
38.305901,15.098755,-189.909439,10,12,5,11,0.456750,0.410067,0.108140,0.025043
47.278843,12.243155,-191.192215,12,11,10,5,0.659668,0.157463,0.141537,0.041333
41.052559,8.354859,-182.380920,10,12,5,11,0.509840,0.264609,0.195813,0.029738
35.537529,13.770643,-179.153580,10,5,12,6,0.442911,0.331712,0.193140,0.032237
41.017044,1.521695,-181.551071,10,12,5,11,0.515717,0.254271,0.201706,0.028306
47.910934,1.915782,-189.062622,12,10,11,5,0.614351,0.173953,0.155580,0.056116
44.452648,-5.541617,-190.060028,12,10,11,5,0.548664,0.284458,0.095867,0.071011
39.523335,-4.203018,-181.280289,10,5,12,11,0.519691,0.231596,0.229525,0.019188
44.452648,-5.541617,-190.060028,12,10,11,5,0.548664,0.284458,0.095867,0.071011
37.219086,-10.178863,-189.943008,10,12,5,11,0.595966,0.263687,0.129681,0.010667
35.449486,-10.271473,-180.822449,10,5,12,11,0.528170,0.307750,0.161602,0.002478
39.523335,-4.203018,-181.280289,10,5,12,11,0.519691,0.231596,0.229525,0.019188
25.564987,-15.370173,-180.729385,5,10,12,6,0.529865,0.396968,0.068553,0.004614
25.936716,-14.387861,-190.448380,10,5,12,6,0.696917,0.215985,0.081421,0.005677
17.662468,-16.074659,-189.587494,10,5,6,16,0.620497,0.274069,0.074373,0.031061
17.591673,-17.140640,-180.289581,5,10,6,12,0.636824,0.301091,0.039867,0.022218
6.986107,-17.230137,-190.098541,10,5,6,16,0.357500,0.275185,0.255855,0.111460
0.000000,-17.476641,-190.046951,6,5,16,10,0.284887,0.278043,0.218535,0.218535
0.000000,-18.749193,-180.782410,5,16,10,6,0.693042,0.108668,0.108668,0.089622
6.853469,-18.471674,-180.623260,5,10,6,16,0.684792,0.165928,0.081908,0.067371
0.000000,-17.476641,-190.046951,6,5,16,10,0.284887,0.278043,0.218535,0.218535
6.986107,-17.230137,-190.098541,10,5,6,16,0.357500,0.275185,0.255855,0.111460
7.439289,-15.466558,-198.116165,10,16,5,6,0.690690,0.131278,0.090881,0.087152
0.000000,-15.749444,-198.045425,16,10,6,5,0.404882,0.404882,0.100184,0.090052
37.957333,-6.016012,-165.467163,5,10,12,3,0.551809,0.301246,0.118017,0.028927
33.987190,-12.261868,-165.516159,5,10,12,3,0.595035,0.294890,0.081351,0.028724
32.524887,-14.252262,-150.209885,5,10,3,0,0.884036,0.058267,0.057697,0.000000
36.391327,-7.829006,-149.654037,5,10,3,0,0.872986,0.068655,0.058358,0.000000
39.282463,7.800910,-166.115921,5,10,12,11,0.544850,0.299527,0.139997,0.015626
39.434418,0.528849,-165.517410,5,10,12,3,0.538577,0.303879,0.135264,0.022280
37.851791,-0.463998,-149.483749,5,10,3,4,0.871154,0.071330,0.044762,0.012753
37.512375,7.246962,-149.850922,5,10,4,3,0.891163,0.068141,0.027601,0.013094
33.987190,-12.261868,-165.516159,5,10,12,3,0.595035,0.294890,0.081351,0.028724
24.429413,-17.061874,-166.069702,5,10,12,3,0.721800,0.215708,0.033927,0.028565
23.293842,-18.753576,-151.410019,5,3,10,0,0.905762,0.056298,0.037939,0.000000
32.524887,-14.252262,-150.209885,5,10,3,0,0.884036,0.058267,0.057697,0.000000
24.429413,-17.061874,-166.069702,5,10,12,3,0.721800,0.215708,0.033927,0.028565
16.374363,-18.787516,-165.777954,5,10,3,6,0.787453,0.157950,0.034663,0.019935
15.157053,-20.434391,-151.266342,5,3,10,0,0.917704,0.067822,0.014474,0.000000
23.293842,-18.753576,-151.410019,5,3,10,0,0.905762,0.056298,0.037939,0.000000
24.899477,18.221146,-163.809860,5,10,12,6,0.757428,0.153164,0.047611,0.041798
13.490499,19.866428,-164.455856,5,6,10,4,0.853895,0.077264,0.056427,0.012414
13.746375,19.834270,-178.678802,5,6,10,12,0.722298,0.152653,0.111485,0.013564
26.112854,17.772919,-178.226593,5,10,12,6,0.558650,0.270567,0.090944,0.079839
41.052559,8.354859,-182.380920,10,12,5,11,0.509840,0.264609,0.195813,0.029738
47.278843,12.243155,-191.192215,12,11,10,5,0.659668,0.157463,0.141537,0.041333
47.910934,1.915782,-189.062622,12,10,11,5,0.614351,0.173953,0.155580,0.056116
41.017044,1.521695,-181.551071,10,12,5,11,0.515717,0.254271,0.201706,0.028306
24.899477,18.221146,-163.809860,5,10,12,6,0.757428,0.153164,0.047611,0.041798
34.600933,14.145528,-164.290314,5,10,12,4,0.613377,0.259222,0.100251,0.027150
33.664341,14.520412,-149.427048,5,10,4,0,0.886522,0.058925,0.054554,0.000000
23.686100,18.669371,-149.393127,5,4,10,0,0.919202,0.058033,0.022765,0.000000
47.910934,1.915782,-189.062622,12,10,11,5,0.614351,0.173953,0.155580,0.056116
59.089626,4.119199,-190.817673,12,11,10,0,0.625831,0.368958,0.005211,0.000000
57.293224,-3.552398,-192.532272,12,11,10,0,0.629580,0.327898,0.042522,0.000000
44.452648,-5.541617,-190.060028,12,10,11,5,0.548664,0.284458,0.095867,0.071011
47.278843,12.243155,-191.192215,12,11,10,5,0.659668,0.157463,0.141537,0.041333
58.591579,10.933982,-192.559616,12,11,0,0,0.636628,0.363373,0.000000,0.000000
59.089626,4.119199,-190.817673,12,11,10,0,0.625831,0.368958,0.005211,0.000000
47.910934,1.915782,-189.062622,12,10,11,5,0.614351,0.173953,0.155580,0.056116
56.331211,-6.689666,-198.943893,12,11,10,0,0.647429,0.312439,0.040131,0.000000
44.889244,-8.338140,-197.565506,12,10,11,5,0.602241,0.258991,0.108469,0.030299
44.452648,-5.541617,-190.060028,12,10,11,5,0.548664,0.284458,0.095867,0.071011
57.293224,-3.552398,-192.532272,12,11,10,0,0.629580,0.327898,0.042522,0.000000
44.452648,-5.541617,-190.060028,12,10,11,5,0.548664,0.284458,0.095867,0.071011
44.889244,-8.338140,-197.565506,12,10,11,5,0.602241,0.258991,0.108469,0.030299
37.658154,-9.981505,-197.836273,10,12,5,11,0.659534,0.277889,0.050112,0.012465
37.219086,-10.178863,-189.943008,10,12,5,11,0.595966,0.263687,0.129681,0.010667
25.729509,-13.214581,-198.201202,10,5,12,7,0.853517,0.079404,0.066035,0.001043
17.134348,-14.658033,-197.954498,10,5,6,16,0.850434,0.094247,0.029211,0.026108
17.662468,-16.074659,-189.587494,10,5,6,16,0.620497,0.274069,0.074373,0.031061
25.936716,-14.387861,-190.448380,10,5,12,6,0.696917,0.215985,0.081421,0.005677
44.889244,-8.338140,-197.565506,12,10,11,5,0.602241,0.258991,0.108469,0.030299
56.331211,-6.689666,-198.943893,12,11,10,0,0.647429,0.312439,0.040131,0.000000
55.863537,-5.443573,-206.210968,12,11,10,0,0.671240,0.310289,0.018471,0.000000
44.510860,-7.259387,-205.748993,12,10,11,7,0.654526,0.235058,0.110357,0.000058
56.169479,-0.117244,-211.410858,12,11,7,0,0.680485,0.319501,0.000014,0.000000
56.771767,6.351040,-212.573547,12,11,7,0,0.671177,0.328795,0.000028,0.000000
45.219280,6.704953,-214.398911,12,11,10,7,0.784320,0.142076,0.072907,0.000697
44.394798,-1.714879,-212.482803,12,10,11,7,0.718310,0.163603,0.117694,0.000393
44.394798,-1.714879,-212.482803,12,10,11,7,0.718310,0.163603,0.117694,0.000393
44.510860,-7.259387,-205.748993,12,10,11,7,0.654526,0.235058,0.110357,0.000058
55.863537,-5.443573,-206.210968,12,11,10,0,0.671240,0.310289,0.018471,0.000000
56.169479,-0.117244,-211.410858,12,11,7,0,0.680485,0.319501,0.000014,0.000000
37.219086,-10.178863,-189.943008,10,12,5,11,0.595966,0.263687,0.129681,0.010667
37.658154,-9.981505,-197.836273,10,12,5,11,0.659534,0.277889,0.050112,0.012465
25.729509,-13.214581,-198.201202,10,5,12,7,0.853517,0.079404,0.066035,0.001043
25.936716,-14.387861,-190.448380,10,5,12,6,0.696917,0.215985,0.081421,0.005677
37.219086,-10.178863,-189.943008,10,12,5,11,0.595966,0.263687,0.129681,0.010667
25.936716,-14.387861,-190.448380,10,5,12,6,0.696917,0.215985,0.081421,0.005677
25.564987,-15.370173,-180.729385,5,10,12,6,0.529865,0.396968,0.068553,0.004614
35.449486,-10.271473,-180.822449,10,5,12,11,0.528170,0.307750,0.161602,0.002478
34.600933,14.145528,-164.290314,5,10,12,4,0.613377,0.259222,0.100251,0.027150
39.282463,7.800910,-166.115921,5,10,12,11,0.544850,0.299527,0.139997,0.015626
37.512375,7.246962,-149.850922,5,10,4,3,0.891163,0.068141,0.027601,0.013094
33.664341,14.520412,-149.427048,5,10,4,0,0.886522,0.058925,0.054554,0.000000
44.889244,-8.338140,-197.565506,12,10,11,5,0.602241,0.258991,0.108469,0.030299
44.510860,-7.259387,-205.748993,12,10,11,7,0.654526,0.235058,0.110357,0.000058
37.264107,-8.319622,-205.769943,10,12,11,7,0.722323,0.267094,0.009541,0.001042
37.658154,-9.981505,-197.836273,10,12,5,11,0.659534,0.277889,0.050112,0.012465
37.264107,-8.319622,-205.769943,10,12,11,7,0.722323,0.267094,0.009541,0.001042
44.510860,-7.259387,-205.748993,12,10,11,7,0.654526,0.235058,0.110357,0.000058
44.394798,-1.714879,-212.482803,12,10,11,7,0.718310,0.163603,0.117694,0.000393
35.814308,-2.627097,-213.156204,10,12,7,11,0.729559,0.263158,0.004464,0.002819
44.394798,-1.714879,-212.482803,12,10,11,7,0.718310,0.163603,0.117694,0.000393
45.219280,6.704953,-214.398911,12,11,10,7,0.784320,0.142076,0.072907,0.000697
37.158154,6.859993,-216.221313,12,10,11,7,0.711687,0.258242,0.022584,0.007487
35.814308,-2.627097,-213.156204,10,12,7,11,0.729559,0.263158,0.004464,0.002819
37.158154,6.859993,-216.221313,12,10,11,7,0.711687,0.258242,0.022584,0.007487
45.219280,6.704953,-214.398911,12,11,10,7,0.784320,0.142076,0.072907,0.000697
46.332623,13.339153,-211.361938,12,11,10,7,0.800703,0.166099,0.032864,0.000333
37.416603,13.706398,-212.089844,12,10,11,7,0.797706,0.168323,0.030335,0.003637
47.366920,14.946109,-197.200424,12,11,10,0,0.749955,0.178534,0.071511,0.000000
47.278843,12.243155,-191.192215,12,11,10,5,0.659668,0.157463,0.141537,0.041333
38.305901,15.098755,-189.909439,10,12,5,11,0.456750,0.410067,0.108140,0.025043
38.484024,15.777047,-196.429596,12,10,5,11,0.691347,0.221749,0.044217,0.042687
45.219280,6.704953,-214.398911,12,11,10,7,0.784320,0.142076,0.072907,0.000697
56.771767,6.351040,-212.573547,12,11,7,0,0.671177,0.328795,0.000028,0.000000
57.472961,12.361665,-210.376266,12,11,7,0,0.659321,0.340667,0.000012,0.000000
46.332623,13.339153,-211.361938,12,11,10,7,0.800703,0.166099,0.032864,0.000333
0.000000,18.511150,-209.893829,6,7,16,10,0.756614,0.089125,0.077130,0.077130
14.995855,16.532942,-211.523010,10,6,7,12,0.623823,0.266780,0.069432,0.039965
13.903046,18.456711,-203.159454,10,6,5,12,0.563636,0.336234,0.061815,0.038314
0.000000,19.729973,-201.532333,6,16,10,5,0.775201,0.082848,0.082848,0.059102
13.903046,18.456711,-203.159454,10,6,5,12,0.563636,0.336234,0.061815,0.038314
14.995855,16.532942,-211.523010,10,6,7,12,0.623823,0.266780,0.069432,0.039965
26.918692,14.520732,-211.999680,10,12,6,7,0.743883,0.172826,0.061860,0.021431
26.096895,16.533611,-203.478333,10,12,6,5,0.714057,0.165976,0.084114,0.035853
26.918692,14.520732,-211.999680,10,12,6,7,0.743883,0.172826,0.061860,0.021431
37.416603,13.706398,-212.089844,12,10,11,7,0.797706,0.168323,0.030335,0.003637
37.202732,15.667192,-202.675003,12,10,11,7,0.800863,0.167778,0.030498,0.000861
26.096895,16.533611,-203.478333,10,12,6,5,0.714057,0.165976,0.084114,0.035853
46.332623,13.339153,-211.361938,12,11,10,7,0.800703,0.166099,0.032864,0.000333
46.809132,15.438541,-203.766251,12,11,10,7,0.793936,0.176304,0.029710,0.000050
37.202732,15.667192,-202.675003,12,10,11,7,0.800863,0.167778,0.030498,0.000861
37.416603,13.706398,-212.089844,12,10,11,7,0.797706,0.168323,0.030335,0.003637
0.000000,19.729973,-201.532333,6,16,10,5,0.775201,0.082848,0.082848,0.059102
13.903046,18.456711,-203.159454,10,6,5,12,0.563636,0.336234,0.061815,0.038314
13.688749,19.451328,-195.521240,6,10,5,12,0.506818,0.311915,0.144298,0.036969
0.000000,20.042389,-194.721542,6,5,16,10,0.740155,0.134000,0.062923,0.062923
13.688749,19.451328,-195.521240,6,10,5,12,0.506818,0.311915,0.144298,0.036969
13.903046,18.456711,-203.159454,10,6,5,12,0.563636,0.336234,0.061815,0.038314
26.096895,16.533611,-203.478333,10,12,6,5,0.714057,0.165976,0.084114,0.035853
26.314180,17.630543,-195.978241,10,12,6,5,0.616868,0.163046,0.121303,0.098782
26.096895,16.533611,-203.478333,10,12,6,5,0.714057,0.165976,0.084114,0.035853
37.202732,15.667192,-202.675003,12,10,11,7,0.800863,0.167778,0.030498,0.000861
38.484024,15.777047,-196.429596,12,10,5,11,0.691347,0.221749,0.044217,0.042687
26.314180,17.630543,-195.978241,10,12,6,5,0.616868,0.163046,0.121303,0.098782
46.809132,15.438541,-203.766251,12,11,10,7,0.793936,0.176304,0.029710,0.000050
47.366920,14.946109,-197.200424,12,11,10,0,0.749955,0.178534,0.071511,0.000000
38.484024,15.777047,-196.429596,12,10,5,11,0.691347,0.221749,0.044217,0.042687
37.202732,15.667192,-202.675003,12,10,11,7,0.800863,0.167778,0.030498,0.000861
46.809132,15.438541,-203.766251,12,11,10,7,0.793936,0.176304,0.029710,0.000050
46.332623,13.339153,-211.361938,12,11,10,7,0.800703,0.166099,0.032864,0.000333
57.472961,12.361665,-210.376266,12,11,7,0,0.659321,0.340667,0.000012,0.000000
57.771729,14.887992,-204.261826,12,11,0,0,0.652562,0.347438,0.000000,0.000000
57.599449,14.114533,-198.182709,12,11,0,0,0.653227,0.346773,0.000000,0.000000
47.366920,14.946109,-197.200424,12,11,10,0,0.749955,0.178534,0.071511,0.000000
46.809132,15.438541,-203.766251,12,11,10,7,0.793936,0.176304,0.029710,0.000050
57.771729,14.887992,-204.261826,12,11,0,0,0.652562,0.347438,0.000000,0.000000
47.278843,12.243155,-191.192215,12,11,10,5,0.659668,0.157463,0.141537,0.041333
47.366920,14.946109,-197.200424,12,11,10,0,0.749955,0.178534,0.071511,0.000000
57.599449,14.114533,-198.182709,12,11,0,0,0.653227,0.346773,0.000000,0.000000
58.591579,10.933982,-192.559616,12,11,0,0,0.636628,0.363373,0.000000,0.000000
17.134348,-14.658033,-197.954498,10,5,6,16,0.850434,0.094247,0.029211,0.026108
25.729509,-13.214581,-198.201202,10,5,12,7,0.853517,0.079404,0.066035,0.001043
26.007879,-11.084535,-204.732483,10,12,7,0,0.933810,0.058563,0.007626,0.000000
16.790733,-11.840752,-205.884201,10,7,6,0,0.970051,0.026661,0.003288,0.000000
25.729509,-13.214581,-198.201202,10,5,12,7,0.853517,0.079404,0.066035,0.001043
37.658154,-9.981505,-197.836273,10,12,5,11,0.659534,0.277889,0.050112,0.012465
37.264107,-8.319622,-205.769943,10,12,11,7,0.722323,0.267094,0.009541,0.001042
26.007879,-11.084535,-204.732483,10,12,7,0,0.933810,0.058563,0.007626,0.000000
35.814308,-2.627097,-213.156204,10,12,7,11,0.729559,0.263158,0.004464,0.002819
26.148352,-2.545188,-214.915588,10,12,7,6,0.896413,0.066413,0.028136,0.009038
26.007879,-11.084535,-204.732483,10,12,7,0,0.933810,0.058563,0.007626,0.000000
37.264107,-8.319622,-205.769943,10,12,11,7,0.722323,0.267094,0.009541,0.001042
26.007879,-11.084535,-204.732483,10,12,7,0,0.933810,0.058563,0.007626,0.000000
26.148352,-2.545188,-214.915588,10,12,7,6,0.896413,0.066413,0.028136,0.009038
16.266315,-5.228348,-215.919403,10,6,7,0,0.786615,0.110058,0.103327,0.000000
16.790733,-11.840752,-205.884201,10,7,6,0,0.970051,0.026661,0.003288,0.000000
7.850848,-8.008589,-215.128799,10,6,7,16,0.624832,0.210709,0.102491,0.061967
0.000000,-8.803465,-215.148636,6,16,10,7,0.450049,0.223328,0.223328,0.103295
0.000000,-13.001267,-205.728821,16,10,6,7,0.444354,0.444354,0.080777,0.030514
7.355409,-12.763461,-205.549576,10,16,6,7,0.826711,0.096462,0.047365,0.029461
37.416603,13.706398,-212.089844,12,10,11,7,0.797706,0.168323,0.030335,0.003637
26.918692,14.520732,-211.999680,10,12,6,7,0.743883,0.172826,0.061860,0.021431
27.865654,6.970484,-218.135483,10,12,7,6,0.756333,0.153561,0.046069,0.044037
37.158154,6.859993,-216.221313,12,10,11,7,0.711687,0.258242,0.022584,0.007487
27.865654,6.970484,-218.135483,10,12,7,6,0.756333,0.153561,0.046069,0.044037
26.148352,-2.545188,-214.915588,10,12,7,6,0.896413,0.066413,0.028136,0.009038
35.814308,-2.627097,-213.156204,10,12,7,11,0.729559,0.263158,0.004464,0.002819
37.158154,6.859993,-216.221313,12,10,11,7,0.711687,0.258242,0.022584,0.007487
26.918692,14.520732,-211.999680,10,12,6,7,0.743883,0.172826,0.061860,0.021431
14.995855,16.532942,-211.523010,10,6,7,12,0.623823,0.266780,0.069432,0.039965
18.554409,11.576985,-220.010132,10,6,7,12,0.586737,0.188491,0.181879,0.042892
27.865654,6.970484,-218.135483,10,12,7,6,0.756333,0.153561,0.046069,0.044037
18.554409,11.576985,-220.010132,10,6,7,12,0.586737,0.188491,0.181879,0.042892
14.995855,16.532942,-211.523010,10,6,7,12,0.623823,0.266780,0.069432,0.039965
0.000000,18.511150,-209.893829,6,7,16,10,0.756614,0.089125,0.077130,0.077130
0.000000,16.461452,-217.173737,6,7,16,10,0.679993,0.228038,0.045985,0.045985
0.000000,14.688957,-223.366882,7,6,0,0,0.573570,0.426430,0.000000,0.000000
8.454808,13.276547,-223.315125,7,6,10,8,0.427917,0.340228,0.228680,0.003175
18.554409,11.576985,-220.010132,10,6,7,12,0.586737,0.188491,0.181879,0.042892
0.000000,16.461452,-217.173737,6,7,16,10,0.679993,0.228038,0.045985,0.045985
13.289515,7.259748,-223.841232,6,7,10,8,0.378357,0.342814,0.230444,0.048384
18.554409,11.576985,-220.010132,10,6,7,12,0.586737,0.188491,0.181879,0.042892
8.454808,13.276547,-223.315125,7,6,10,8,0.427917,0.340228,0.228680,0.003175
8.947524,11.527648,-226.865387,7,6,10,8,0.567088,0.204930,0.127355,0.100627
27.865654,6.970484,-218.135483,10,12,7,6,0.756333,0.153561,0.046069,0.044037
18.554409,11.576985,-220.010132,10,6,7,12,0.586737,0.188491,0.181879,0.042892
16.266315,-5.228348,-215.919403,10,6,7,0,0.786615,0.110058,0.103327,0.000000
26.148352,-2.545188,-214.915588,10,12,7,6,0.896413,0.066413,0.028136,0.009038
8.454808,13.276547,-223.315125,7,6,10,8,0.427917,0.340228,0.228680,0.003175
0.000000,14.688957,-223.366882,7,6,0,0,0.573570,0.426430,0.000000,0.000000
0.000000,13.915305,-226.884247,7,6,8,0,0.722950,0.205484,0.071566,0.000000
8.947524,11.527648,-226.865387,7,6,10,8,0.567088,0.204930,0.127355,0.100627
0.000000,-7.696707,-218.149872,6,7,16,10,0.477460,0.219453,0.151544,0.151544
0.000000,-8.803465,-215.148636,6,16,10,7,0.450049,0.223328,0.223328,0.103295
7.850848,-8.008589,-215.128799,10,6,7,16,0.624832,0.210709,0.102491,0.061967
6.596168,-6.250901,-219.360474,6,10,7,8,0.398628,0.289135,0.227647,0.084590
13.289515,7.259748,-223.841232,6,7,10,8,0.378357,0.342814,0.230444,0.048384
11.178528,-3.418928,-220.234100,6,10,7,8,0.353536,0.330468,0.255670,0.060326
16.266315,-5.228348,-215.919403,10,6,7,0,0.786615,0.110058,0.103327,0.000000
18.554409,11.576985,-220.010132,10,6,7,12,0.586737,0.188491,0.181879,0.042892
0.000000,20.213858,-129.503876,5,4,3,0,0.533584,0.436165,0.030251,0.000000
12.433515,19.903973,-127.885345,5,4,3,0,0.517353,0.412875,0.069772,0.000000
11.632405,19.909357,-105.537781,4,3,5,0,0.791133,0.137778,0.071089,0.000000
0.000000,20.165134,-107.374023,4,5,3,0,0.865111,0.074220,0.060668,0.000000
31.818298,-14.516905,-127.382851,5,3,4,10,0.494578,0.434356,0.042124,0.028942
23.508123,-19.095903,-127.806404,5,3,4,10,0.502352,0.459078,0.019574,0.018997
23.722404,-19.438229,-104.202797,3,5,4,27,0.850341,0.096346,0.038628,0.014685
31.111708,-14.781547,-104.555832,3,5,4,27,0.794292,0.108601,0.082473,0.014634
16.374363,-18.787516,-165.777954,5,10,3,6,0.787453,0.157950,0.034663,0.019935
6.641491,-19.886507,-166.627380,5,10,6,16,0.834960,0.086879,0.042886,0.035275
6.429511,-21.301342,-152.631516,5,3,0,0,0.939745,0.060255,0.000000,0.000000
15.157053,-20.434391,-151.266342,5,3,10,0,0.917704,0.067822,0.014474,0.000000
23.335453,18.833378,-126.828804,5,4,3,10,0.493764,0.373733,0.121354,0.011149
12.433515,19.903973,-127.885345,5,4,3,0,0.517353,0.412875,0.069772,0.000000
13.234624,19.898588,-150.232910,5,4,0,0,0.975208,0.024792,0.000000,0.000000
23.686100,18.669371,-149.393127,5,4,10,0,0.919202,0.058033,0.022765,0.000000
23.508123,-19.095903,-127.806404,5,3,4,10,0.502352,0.459078,0.019574,0.018997
15.091893,-21.062750,-127.742851,5,3,10,0,0.505034,0.487690,0.007276,0.000000
15.026731,-21.691107,-104.219368,3,5,0,0,0.912097,0.087903,0.000000,0.000000
23.722404,-19.438229,-104.202797,3,5,4,27,0.850341,0.096346,0.038628,0.014685
38.081425,-0.677411,-126.613113,5,3,4,10,0.481571,0.348379,0.135159,0.034891
36.195259,-7.931352,-126.760086,5,3,4,10,0.484154,0.405283,0.076823,0.033740
35.999187,-8.033698,-103.866135,3,4,5,27,0.729636,0.148838,0.106822,0.014704
38.311062,-0.890824,-103.742477,3,4,5,27,0.630433,0.248944,0.107071,0.013552
15.091893,-21.062750,-127.742851,5,3,10,0,0.505034,0.487690,0.007276,0.000000
6.677893,-21.880835,-128.609619,5,3,0,0,0.511937,0.488063,0.000000,0.000000
6.926273,-22.460327,-104.587723,3,5,0,0,0.918610,0.081390,0.000000,0.000000
15.026731,-21.691107,-104.219368,3,5,0,0,0.912097,0.087903,0.000000,0.000000
33.550217,14.368695,-126.620270,5,4,3,10,0.484574,0.304602,0.182053,0.028772
37.737553,6.908776,-126.823700,5,3,4,10,0.489070,0.251871,0.225893,0.033166
37.962730,6.570590,-103.796478,3,4,5,0,0.478290,0.413923,0.107787,0.000000
33.436096,14.216977,-103.813507,4,3,5,0,0.543196,0.355766,0.101038,0.000000
6.641491,-19.886507,-166.627380,5,10,6,16,0.834960,0.086879,0.042886,0.035275
6.853469,-18.471674,-180.623260,5,10,6,16,0.684792,0.165928,0.081908,0.067371
0.000000,-18.749193,-180.782410,5,16,10,6,0.693042,0.108668,0.108668,0.089622
0.000000,-20.115709,-166.810867,5,16,10,6,0.839175,0.056935,0.056935,0.046956
17.662468,-16.074659,-189.587494,10,5,6,16,0.620497,0.274069,0.074373,0.031061
6.986107,-17.230137,-190.098541,10,5,6,16,0.357500,0.275185,0.255855,0.111460
6.853469,-18.471674,-180.623260,5,10,6,16,0.684792,0.165928,0.081908,0.067371
17.591673,-17.140640,-180.289581,5,10,6,12,0.636824,0.301091,0.039867,0.022218
6.986107,-17.230137,-190.098541,10,5,6,16,0.357500,0.275185,0.255855,0.111460
17.662468,-16.074659,-189.587494,10,5,6,16,0.620497,0.274069,0.074373,0.031061
17.134348,-14.658033,-197.954498,10,5,6,16,0.850434,0.094247,0.029211,0.026108
7.439289,-15.466558,-198.116165,10,16,5,6,0.690690,0.131278,0.090881,0.087152
7.355409,-12.763461,-205.549576,10,16,6,7,0.826711,0.096462,0.047365,0.029461
7.439289,-15.466558,-198.116165,10,16,5,6,0.690690,0.131278,0.090881,0.087152
17.134348,-14.658033,-197.954498,10,5,6,16,0.850434,0.094247,0.029211,0.026108
16.790733,-11.840752,-205.884201,10,7,6,0,0.970051,0.026661,0.003288,0.000000
16.266315,-5.228348,-215.919403,10,6,7,0,0.786615,0.110058,0.103327,0.000000
7.850848,-8.008589,-215.128799,10,6,7,16,0.624832,0.210709,0.102491,0.061967
7.355409,-12.763461,-205.549576,10,16,6,7,0.826711,0.096462,0.047365,0.029461
16.790733,-11.840752,-205.884201,10,7,6,0,0.970051,0.026661,0.003288,0.000000
6.596168,-6.250901,-219.360474,6,10,7,8,0.398628,0.289135,0.227647,0.084590
7.850848,-8.008589,-215.128799,10,6,7,16,0.624832,0.210709,0.102491,0.061967
16.266315,-5.228348,-215.919403,10,6,7,0,0.786615,0.110058,0.103327,0.000000
11.178528,-3.418928,-220.234100,6,10,7,8,0.353536,0.330468,0.255670,0.060326
36.195259,-7.931352,-126.760086,5,3,4,10,0.484154,0.405283,0.076823,0.033740
31.818298,-14.516905,-127.382851,5,3,4,10,0.494578,0.434356,0.042124,0.028942
31.111708,-14.781547,-104.555832,3,5,4,27,0.794292,0.108601,0.082473,0.014634
35.999187,-8.033698,-103.866135,3,4,5,27,0.729636,0.148838,0.106822,0.014704
22.969051,-18.752655,-92.342796,3,27,5,4,0.855157,0.075666,0.049379,0.019798
30.779430,-14.760937,-94.108727,3,5,27,4,0.826662,0.068540,0.060029,0.044768
31.111708,-14.781547,-104.555832,3,5,4,27,0.794292,0.108601,0.082473,0.014634
23.722404,-19.438229,-104.202797,3,5,4,27,0.850341,0.096346,0.038628,0.014685
14.192020,-20.444912,-92.142891,3,27,5,0,0.898099,0.057344,0.044557,0.000000
22.969051,-18.752655,-92.342796,3,27,5,4,0.855157,0.075666,0.049379,0.019798
23.722404,-19.438229,-104.202797,3,5,4,27,0.850341,0.096346,0.038628,0.014685
15.026731,-21.691107,-104.219368,3,5,0,0,0.912097,0.087903,0.000000,0.000000
6.528934,-20.741602,-92.152298,3,27,5,33,0.901019,0.040894,0.040459,0.017629
14.192020,-20.444912,-92.142891,3,27,5,0,0.898099,0.057344,0.044557,0.000000
15.026731,-21.691107,-104.219368,3,5,0,0,0.912097,0.087903,0.000000,0.000000
6.926273,-22.460327,-104.587723,3,5,0,0,0.918610,0.081390,0.000000,0.000000
0.000000,-20.550514,-92.606750,3,5,27,33,0.901801,0.043213,0.027493,0.027493
6.528934,-20.741602,-92.152298,3,27,5,33,0.901019,0.040894,0.040459,0.017629
6.926273,-22.460327,-104.587723,3,5,0,0,0.918610,0.081390,0.000000,0.000000
0.000000,-22.608124,-105.623245,3,5,0,0,0.911782,0.088218,0.000000,0.000000
37.837711,6.648649,-94.303337,3,4,5,27,0.669450,0.249875,0.054148,0.026527
37.962730,6.570590,-103.796478,3,4,5,0,0.478290,0.413923,0.107787,0.000000
38.311062,-0.890824,-103.742477,3,4,5,27,0.630433,0.248944,0.107071,0.013552
38.384129,-0.792151,-94.217918,3,4,5,27,0.745316,0.158237,0.054256,0.042191
38.384129,-0.792151,-94.217918,3,4,5,27,0.745316,0.158237,0.054256,0.042191
36.256962,-8.083959,-94.556000,3,4,5,27,0.790726,0.097185,0.067886,0.044203
36.514740,-8.134220,-85.245857,3,27,4,5,0.852204,0.073890,0.045204,0.028702
38.457191,-0.693478,-84.693367,3,27,4,0,0.863334,0.071612,0.065054,0.000000
37.837711,6.648649,-94.303337,3,4,5,27,0.669450,0.249875,0.054148,0.026527
37.712688,6.726707,-84.810181,3,4,27,0,0.862424,0.084271,0.053305,0.000000
33.202621,13.839229,-84.185211,3,4,27,0,0.872420,0.088510,0.039069,0.000000
33.319359,14.028102,-93.999359,3,4,5,27,0.613483,0.316390,0.050638,0.019488
36.256962,-8.083959,-94.556000,3,4,5,27,0.790726,0.097185,0.067886,0.044203
30.779430,-14.760937,-94.108727,3,5,27,4,0.826662,0.068540,0.060029,0.044768
30.447153,-14.740327,-83.661621,3,27,5,4,0.860185,0.107040,0.027053,0.005721
36.514740,-8.134220,-85.245857,3,27,4,5,0.852204,0.073890,0.045204,0.028702
0.000000,19.799973,-95.912865,3,4,5,0,0.482369,0.480582,0.037048,0.000000
11.220577,19.517794,-94.354843,3,4,5,27,0.493277,0.443071,0.035773,0.027879
10.808749,19.126232,-83.171906,3,4,27,0,0.853368,0.090514,0.056118,0.000000
0.000000,19.434813,-84.451698,3,4,0,0,0.902667,0.097332,0.000000,0.000000
33.319359,14.028102,-93.999359,3,4,5,27,0.613483,0.316390,0.050638,0.019488
33.202621,13.839229,-84.185211,3,4,27,0,0.872420,0.088510,0.039069,0.000000
