0,RootNode
1.000000,0.000000,-0.000000,0.000000
0.000000,1.000000,-0.000000,0.000000
-0.000000,-0.000000,1.000000,-0.000000
0.000000,0.000000,-0.000000,1.000000

1.000000,0.000000,0.000000,0.000000
0.000000,1.000000,0.000000,0.000000
0.000000,0.000000,1.000000,0.000000
0.000000,0.000000,0.000000,1.000000

1,RIG-dogrig
100.000000,0.000000,-0.000000,0.000000
0.000000,-0.000028,100.000000,0.000000
-0.000000,-100.000000,-0.000028,-0.000000
0.000000,0.000000,-0.000000,1.000000

1.000000,0.000000,0.000000,0.000000
0.000000,1.000000,0.000000,0.000000
0.000000,0.000000,1.000000,0.000000
0.000000,0.000000,0.000000,1.000000

2,root
1.000000,0.000000,-0.000000,0.000000
0.000000,1.000000,-0.000000,0.000000
-0.000000,-0.000000,1.000000,-0.000000
0.000000,0.000000,-0.000000,1.000000

0.010000,0.000000,-0.000000,0.000000
-0.000000,0.000000,-0.010000,0.000000
-0.000000,0.010000,0.000000,-0.000000
0.000000,0.000000,-0.000000,1.000000

3,MCH-eyes_parent
1.000000,0.000000,0.000000,0.000000
0.000000,0.000000,-1.000000,0.000000
-0.000000,1.000000,0.000000,-0.000000
0.000000,-0.801008,-1.315213,1.000000

0.010000,0.000000,0.000000,0.000000
-0.000000,0.010000,0.000000,0.000000
-0.000000,-0.000000,0.010000,-0.000000
0.000000,-1.315213,0.801008,1.000000

4,eyes
1.000000,0.000000,-0.000000,0.000000
0.000000,1.000000,-0.000000,0.000000
-0.000000,-0.000000,1.000000,-0.000000
0.000000,0.115679,-0.291748,1.000000

0.010000,0.000000,0.000000,0.000000
-0.000000,0.010000,0.000000,0.000000
-0.000000,-0.000000,0.010000,-0.000000
0.000000,-1.430892,1.092757,1.000000

5,eye.L
1.000000,0.000000,-0.000000,0.000000
0.000000,1.000000,-0.000000,0.000000
-0.000000,-0.000000,1.000000,-0.000000
0.039649,0.000000,-0.000000,1.000000

0.010000,0.000000,0.000000,0.000000
-0.000000,0.010000,0.000000,0.000000
-0.000000,-0.000000,0.010000,-0.000000
-0.039649,-1.430892,1.092756,1.000000

6,eye.L_end
1.000000,0.000000,-0.000000,0.000000
0.000000,1.000000,-0.000000,0.000000
-0.000000,-0.000000,1.000000,-0.000000
0.000000,0.024931,-0.000000,1.000000

0.010000,0.000000,0.000000,0.000000
-0.000000,0.010000,0.000000,0.000000
-0.000000,-0.000000,0.010000,-0.000000
-0.039649,-1.455823,1.092756,1.000000

7,eye.R
1.000000,0.000000,-0.000000,0.000000
0.000000,1.000000,-0.000000,0.000000
-0.000000,-0.000000,1.000000,-0.000000
-0.039649,0.000000,-0.000000,1.000000

0.010000,0.000000,0.000000,0.000000
-0.000000,0.010000,0.000000,0.000000
-0.000000,-0.000000,0.010000,-0.000000
0.039649,-1.430892,1.092756,1.000000

8,eye.R_end
1.000000,0.000000,-0.000000,0.000000
0.000000,1.000000,-0.000000,0.000000
-0.000000,-0.000000,1.000000,-0.000000
0.000000,0.024931,-0.000000,1.000000

0.010000,0.000000,0.000000,0.000000
-0.000000,0.010000,0.000000,0.000000
-0.000000,-0.000000,0.010000,-0.000000
0.039649,-1.455823,1.092756,1.000000

9,DEF-spine.004
1.000000,0.000001,0.000003,0.000000
-0.000000,-0.893083,0.449892,0.000000
0.000003,-0.449892,-0.893083,-0.000000
0.000000,0.410414,-0.959671,1.000000

0.010000,-0.000000,0.000000,0.000000
-0.000000,-0.004499,0.008931,0.000000
0.000000,-0.008931,-0.004499,-0.000000
0.000002,0.798288,-0.672419,1.000000

10,DEF-spine.005
1.000000,0.000001,-0.000001,0.000000
-0.000001,0.943650,0.330945,0.000000
0.000001,-0.330945,0.943650,-0.000000
0.000000,0.175675,-0.000000,1.000000

0.010000,0.000000,0.000000,0.000000
-0.000000,-0.001290,0.009916,0.000000
0.000000,-0.009916,-0.001290,-0.000000
0.000004,0.364988,-0.840581,1.000000

11,DEF-spine.006
1.000000,-0.000000,0.000008,0.000000
-0.000001,0.989436,0.144973,0.000000
-0.000008,-0.144973,0.989436,-0.000000
0.000000,0.199998,0.000000,1.000000

0.010000,-0.000000,-0.000000,0.000000
0.000000,0.000161,0.009999,0.000000
0.000000,-0.009999,0.000161,-0.000000
-0.000003,0.041385,-0.855620,1.000000

12,DEF-spine.007
1.000000,0.000001,-0.000006,0.000000
0.000001,0.981903,0.189384,0.000000
0.000006,-0.189384,0.981903,-0.000000
0.000000,0.223796,0.000000,1.000000

0.010000,-0.000000,0.000000,0.000000
-0.000000,0.002052,0.009787,0.000000
-0.000000,-0.009787,0.002052,-0.000000
0.000002,-0.341151,-0.805590,1.000000

13,DEF-spine.008
1.000000,0.000001,0.000003,0.000000
-0.000002,0.904412,0.426661,0.000000
-0.000002,-0.426661,0.904412,-0.000000
0.000000,0.224754,-0.000000,1.000000

0.010000,-0.000000,0.000000,0.000000
0.000000,0.006032,0.007976,0.000000
-0.000000,-0.007976,0.006032,-0.000000
-0.000000,-0.855524,-0.487137,1.000000

14,DEF-spine.009
1.000000,-0.000001,0.000001,0.000000
0.000000,0.944257,0.329209,0.000000
-0.000001,-0.329209,0.944257,-0.000000
0.000000,0.221542,0.000000,1.000000

0.010000,-0.000000,-0.000000,0.000000
0.000000,0.008321,0.005546,0.000000
0.000000,-0.005546,0.008321,-0.000000
-0.000000,-1.177397,-0.105403,1.000000

15,DEF-spine.010
0.999635,0.010198,-0.024999,0.000000
-0.006412,0.989102,0.147091,0.000000
0.026227,-0.146877,0.988807,-0.000000
0.000000,0.158521,0.000000,1.000000

0.009996,-0.000064,0.000262,0.000000
-0.000054,0.009046,0.004261,0.000000
-0.000265,-0.004261,0.009043,-0.000000
-0.010989,-1.336863,0.091994,1.000000

16,DEF-spine.011
0.998476,-0.012859,0.053665,0.000000
0.010846,0.999233,0.037627,0.000000
-0.054107,-0.036988,0.997850,-0.000000
-0.000000,0.166706,-0.000000,1.000000

0.009996,0.000054,-0.000277,0.000000
0.000059,0.009199,0.003921,0.000000
0.000276,-0.003921,0.009195,-0.000000
0.013298,-1.499073,0.148003,1.000000

17,DEF-spine.011_end
1.000000,0.000000,-0.000000,0.000000
0.000000,1.000000,-0.000000,0.000000
-0.000000,-0.000000,1.000000,-0.000000
0.000000,0.197221,0.000000,1.000000

0.009996,0.000054,-0.000277,0.000000
0.000059,0.009199,0.003921,0.000000
0.000276,-0.003921,0.009195,-0.000000
0.013298,-1.696294,0.148003,1.000000

18,VIS_front_thigh_ik_pole.L
-0.991230,0.060006,-0.117740,0.000000
1.061189,16.745310,-0.399679,0.000000
0.116042,-0.031049,-0.992759,-0.000000
0.125351,-0.527206,-0.560155,1.000000

-0.009993,0.000000,0.000387,0.000000
0.000000,0.010000,-0.000000,0.000000
-0.000387,-0.000000,-0.009993,-0.000000
0.108130,-0.573731,-0.488734,1.000000

19,VIS_front_thigh_ik_pole.L_end
1.000000,0.000000,-0.000000,0.000000
0.000000,1.000000,-0.000000,0.000000
-0.000000,-0.000000,1.000000,-0.000000
0.000000,0.037233,-0.000000,1.000000

-0.009993,0.000000,0.000387,0.000000
0.000000,0.010000,-0.000000,0.000000
-0.000387,-0.000000,-0.009993,-0.000000
0.108130,-0.610963,-0.488734,1.000000

20,VIS_front_thigh_ik_pole.R
-0.991230,-0.060007,0.117740,0.000000
-1.061192,16.745287,-0.399666,0.000000
-0.116042,-0.031048,-0.992759,-0.000000
-0.125351,-0.527205,-0.560155,1.000000

-0.009993,0.000000,-0.000387,0.000000
0.000000,0.010000,-0.000000,0.000000
0.000387,-0.000000,-0.009993,-0.000000
-0.108130,-0.573731,-0.488734,1.000000

21,VIS_front_thigh_ik_pole.R_end
1.000000,0.000000,-0.000000,0.000000
0.000000,1.000000,-0.000000,0.000000
-0.000000,-0.000000,1.000000,-0.000000
0.000000,0.037233,0.000000,1.000000

-0.009993,0.000000,-0.000387,0.000000
0.000000,0.010000,-0.000000,0.000000
0.000387,-0.000000,-0.009993,-0.000000
-0.108130,-0.610963,-0.488734,1.000000

22,VIS_thigh_ik_pole.L
-0.088343,0.057746,0.994415,0.000000
16.575079,-15.693683,2.383858,0.000000
0.685996,0.727365,0.018705,-0.000000
0.150959,0.383118,-0.554684,1.000000

0.007131,0.000000,0.007011,0.000000
-0.000000,0.010000,0.000000,0.000000
-0.007011,-0.000000,0.007131,-0.000000
0.160995,-0.554691,-0.379028,1.000000

23,VIS_thigh_ik_pole.L_end
1.000000,0.000000,-0.000000,0.000000
0.000000,1.000000,-0.000000,0.000000
-0.000000,-0.000000,1.000000,-0.000000
-0.000000,0.024250,0.000000,1.000000

0.007131,0.000000,0.007011,0.000000
-0.000000,0.010000,0.000000,0.000000
-0.007011,-0.000000,0.007131,-0.000000
0.160995,-0.578941,-0.379028,1.000000

24,VIS_thigh_ik_pole.R
-0.088343,-0.057746,-0.994415,0.000000
-16.575106,-15.693668,2.383855,0.000000
-0.685995,0.727366,0.018704,-0.000000
-0.150959,0.383118,-0.554684,1.000000

0.007131,0.000000,-0.007011,0.000000
-0.000000,0.010000,0.000000,0.000000
0.007011,-0.000000,0.007131,-0.000000
-0.160995,-0.554691,-0.379028,1.000000

25,VIS_thigh_ik_pole.R_end
1.000000,0.000000,-0.000000,0.000000
0.000000,1.000000,-0.000000,0.000000
-0.000000,-0.000000,1.000000,-0.000000
-0.000000,0.024250,-0.000000,1.000000

0.007131,0.000000,-0.007011,0.000000
-0.000000,0.010000,0.000000,0.000000
0.007011,-0.000000,0.007131,-0.000000
-0.160995,-0.578941,-0.379028,1.000000

26,MCH-torso.parent
1.000000,0.000000,-0.000000,0.000000
0.000000,1.000000,-0.000000,0.000000
-0.000000,-0.000000,1.000000,-0.000000
0.000000,0.331967,-0.920154,1.000000

0.010000,0.000000,-0.000000,0.000000
-0.000000,0.000000,-0.010000,0.000000
-0.000000,0.010000,0.000000,-0.000000
-0.000000,-0.331967,0.920154,1.000000

27,torso
1.000000,0.000000,-0.000000,0.000000
0.000000,1.000000,-0.000000,0.000000
-0.000000,-0.000000,1.000000,-0.000000
0.000000,0.000000,-0.000000,1.000000

0.010000,0.000000,-0.000000,0.000000
-0.000000,0.000000,-0.010000,0.000000
-0.000000,0.010000,0.000000,-0.000000
-0.000000,-0.331967,0.920154,1.000000

28,hips
1.000000,0.000000,-0.000000,0.000000
0.000000,1.000000,-0.000000,0.000000
-0.000000,-0.000000,1.000000,-0.000000
-0.000000,-0.276774,0.065314,1.000000

0.010000,0.000000,-0.000000,0.000000
-0.000000,0.000000,-0.010000,0.000000
-0.000000,0.010000,0.000000,-0.000000
0.000000,-0.055194,0.854841,1.000000

29,hips_end
1.000000,0.000000,-0.000000,0.000000
0.000000,1.000000,-0.000000,0.000000
-0.000000,-0.000000,1.000000,-0.000000
0.000000,0.261441,-0.000000,1.000000

0.010000,0.000000,-0.000000,0.000000
-0.000000,0.000000,-0.010000,0.000000
-0.000000,0.010000,0.000000,-0.000000
0.000000,-0.316635,0.854841,1.000000

30,chest
1.000000,0.000000,-0.000000,0.000000
0.000000,1.000000,-0.000000,0.000000
-0.000000,-0.000000,1.000000,-0.000000
-0.000000,-0.276774,0.065314,1.000000

0.010000,0.000000,-0.000000,0.000000
-0.000000,0.000000,-0.010000,0.000000
-0.000000,0.010000,0.000000,-0.000000
0.000000,-0.055194,0.854841,1.000000

31,chest_end
1.000000,0.000000,-0.000000,0.000000
0.000000,1.000000,-0.000000,0.000000
-0.000000,-0.000000,1.000000,-0.000000
0.000000,0.348588,-0.000000,1.000000

0.010000,0.000000,-0.000000,0.000000
-0.000000,0.000000,-0.010000,0.000000
-0.000000,0.010000,0.000000,-0.000000
0.000000,-0.403782,0.854841,1.000000

32,MCH-spine.005
1.000000,0.000000,-0.000000,0.000000
0.000000,1.000000,-0.000000,0.000000
-0.000000,-0.000000,1.000000,-0.000000
-0.000000,-0.276774,0.065314,1.000000

0.010000,0.000000,-0.000000,0.000000
-0.000000,0.000000,-0.010000,0.000000
-0.000000,0.010000,0.000000,-0.000000
0.000000,-0.055194,0.854841,1.000000

33,spine_fk.005
1.000000,0.000001,0.000005,0.000000
0.000000,-0.991647,0.128979,0.000000
0.000005,-0.128979,-0.991647,-0.000000
0.000000,0.000000,-0.000000,1.000000

0.010000,0.000000,0.000000,0.000000
-0.000000,-0.001290,0.009916,0.000000
0.000000,-0.009916,-0.001290,-0.000000
0.000004,0.164990,-0.840581,1.000000

34,MCH-spine.004
1.000000,0.000000,0.000005,0.000000
0.000001,-0.991647,-0.128980,0.000000
0.000005,0.128980,-0.991647,-0.000000
-0.000000,-0.199998,0.000000,1.000000

0.010000,0.000000,-0.000000,0.000000
-0.000000,-0.000000,-0.010000,0.000000
-0.000000,0.010000,0.000000,-0.000000
0.000000,-0.253519,0.880653,1.000000

35,spine_fk.004
1.000000,0.000001,0.000003,0.000000
-0.000000,-0.893077,0.449904,0.000000
0.000003,-0.449904,-0.893077,-0.000000
0.000000,0.000000,-0.000000,1.000000

0.010000,-0.000000,0.000000,0.000000
-0.000000,-0.004499,0.008931,0.000000
0.000000,-0.008931,-0.004499,-0.000000
0.000002,0.622628,-0.672426,1.000000

36,tweak_spine.004
1.000000,0.000000,-0.000000,0.000000
0.000000,1.000000,-0.000000,0.000000
-0.000000,-0.000000,1.000000,-0.000000
0.000000,-0.175676,-0.000000,1.000000

0.010000,-0.000000,0.000000,0.000000
-0.000000,-0.004499,0.008931,0.000000
0.000000,-0.008931,-0.004499,-0.000000
0.000002,0.798303,-0.672428,1.000000

37,ORG-spine.004
1.000000,0.000000,-0.000000,0.000000
0.000000,1.000000,-0.000000,0.000000
-0.000000,-0.000000,1.000000,-0.000000
0.000000,0.000000,-0.000000,1.000000

0.010000,-0.000000,0.000000,0.000000
-0.000000,-0.004499,0.008931,0.000000
0.000000,-0.008931,-0.004499,-0.000000
0.000002,0.798304,-0.672427,1.000000

38,ORG-spine.004_end
1.000000,0.000000,-0.000000,0.000000
0.000000,1.000000,-0.000000,0.000000
-0.000000,-0.000000,1.000000,-0.000000
-0.000000,0.175676,0.000000,1.000000

0.010000,-0.000000,0.000000,0.000000
-0.000000,-0.004499,0.008931,0.000000
0.000000,-0.008931,-0.004499,-0.000000
0.000002,0.622629,-0.672426,1.000000

39,MCH-ROT-tail
1.000000,-0.000000,0.000003,0.000000
0.000001,-0.893078,-0.449902,0.000000
0.000003,0.449902,-0.893078,-0.000000
0.000000,0.000000,-0.000000,1.000000

0.010000,0.000000,-0.000000,0.000000
-0.000000,-0.000000,-0.010000,0.000000
-0.000000,0.010000,0.000000,-0.000000
-0.000000,-0.410411,0.959692,1.000000

40,spine.003
1.000000,-0.000000,-0.000000,0.000000
0.000000,0.444989,-0.895536,0.000000
0.000000,0.895536,0.444989,-0.000000
0.000000,0.000000,-0.000000,1.000000

0.010000,0.000000,0.000000,0.000000
0.000000,0.008956,-0.004450,0.000000
-0.000000,0.004450,0.008955,-0.000000
0.000000,-1.042067,0.059515,1.000000

41,spine.002
1.000000,0.000000,0.000001,0.000000
0.000000,0.948184,-0.317723,0.000000
-0.000001,0.317723,0.948184,-0.000000
-0.000000,0.123116,0.000000,1.000000

0.010000,0.000000,-0.000000,0.000000
-0.000000,0.009905,-0.001374,0.000000
0.000000,0.001374,0.009905,-0.000000
-0.000000,-1.123717,-0.313774,1.000000

42,spine.001
1.000000,-0.000000,-0.000001,0.000000
-0.000000,0.918683,-0.394996,0.000000
0.000001,0.394996,0.918683,-0.000000
0.000000,0.130632,0.000000,1.000000

0.010000,-0.000000,0.000000,0.000000
-0.000000,0.009643,0.002650,0.000000
-0.000000,-0.002650,0.009642,-0.000000
0.000000,-1.028408,-0.783722,1.000000

43,spine
1.000000,0.000000,0.000001,0.000000
0.000000,0.938257,-0.345940,0.000000
-0.000001,0.345940,0.938257,-0.000000
0.000000,0.154893,-0.000000,1.000000

0.010000,-0.000000,-0.000000,0.000000
0.000000,0.008130,0.005822,0.000000
0.000000,-0.005822,0.008130,-0.000000
-0.000000,-0.839119,-1.144684,1.000000

44,tweak_spine.001
1.000000,0.000017,0.000016,0.000000
-0.000022,0.938261,0.345927,0.000000
-0.000009,-0.345927,0.938261,-0.000000
0.000000,0.000000,-0.000000,1.000000

0.010000,-0.000000,0.000000,0.000000
-0.000000,0.009643,0.002650,0.000000
-0.000000,-0.002650,0.009642,-0.000000
0.000000,-1.183301,-0.783723,1.000000

45,ORG-spine.001
1.000000,-0.000020,-0.000005,0.000000
-0.000020,-1.000000,-0.000009,0.000000
-0.000005,0.000009,-1.000000,-0.000000
0.000000,0.000000,-0.000000,1.000000

0.010000,0.000000,0.000000,0.000000
0.000000,-0.009643,-0.002650,0.000000
0.000000,0.002650,-0.009642,-0.000000
-0.000000,1.183302,0.783721,1.000000

46,ORG-spine.001_end
1.000000,0.000000,-0.000000,0.000000
0.000000,1.000000,-0.000000,0.000000
-0.000000,-0.000000,1.000000,-0.000000
-0.000000,0.154890,-0.000000,1.000000

0.010000,0.000000,0.000000,0.000000
0.000000,-0.009643,-0.002650,0.000000
0.000000,0.002650,-0.009642,-0.000000
-0.000000,1.028411,0.783722,1.000000

47,tweak_spine
1.000000,0.000015,0.000011,0.000000
-0.000015,1.000000,-0.000011,0.000000
-0.000011,0.000011,1.000000,-0.000000
0.000000,0.148257,-0.000000,1.000000

0.010000,-0.000000,-0.000000,0.000000
0.000000,0.008130,0.005822,0.000000
0.000000,-0.005822,0.008130,-0.000000
-0.000000,-0.987377,-1.144684,1.000000

48,ORG-spine
1.000000,-0.000017,-0.000011,0.000000
-0.000017,-1.000000,-0.000001,0.000000
-0.000011,0.000001,-1.000000,-0.000000
0.000000,0.000000,-0.000000,1.000000

0.010000,0.000000,-0.000000,0.000000
-0.000000,-0.008130,-0.005822,0.000000
-0.000000,0.005822,-0.008130,-0.000000
0.000000,0.987377,1.144684,1.000000

49,DEF-spine
1.000000,0.000000,-0.000000,0.000000
0.000000,1.000000,-0.000000,0.000000
-0.000000,-0.000000,1.000000,-0.000000
0.000000,0.000000,-0.000000,1.000000

0.010000,0.000000,-0.000000,0.000000
-0.000000,-0.008130,-0.005822,0.000000
-0.000000,0.005822,-0.008130,-0.000000
0.000000,0.987376,1.144684,1.000000

50,DEF-spine.001
1.000000,-0.000001,-0.000005,0.000000
0.000003,0.938255,0.345945,0.000000
0.000004,-0.345945,0.938255,-0.000000
0.000000,0.148257,-0.000000,1.000000

0.010000,0.000000,0.000000,0.000000
0.000000,-0.009643,-0.002650,0.000000
0.000000,0.002650,-0.009642,-0.000000
-0.000000,1.183302,0.783722,1.000000

51,DEF-spine.002
1.000000,0.000005,-0.000000,0.000000
-0.000005,0.918679,0.395004,0.000000
0.000002,-0.395004,0.918679,-0.000000
-0.000000,0.154893,0.000000,1.000000

0.010000,-0.000000,-0.000000,0.000000
-0.000000,-0.009905,0.001374,0.000000
-0.000000,-0.001374,-0.009905,-0.000000
0.000000,1.254348,0.313774,1.000000

52,DEF-spine.003
1.000000,-0.000000,0.000002,0.000000
-0.000000,0.948183,0.317726,0.000000
-0.000002,-0.317726,0.948183,-0.000000
0.000000,0.130632,-0.000000,1.000000

0.010000,-0.000000,0.000000,0.000000
-0.000000,-0.008956,0.004450,0.000000
0.000000,-0.004450,-0.008955,-0.000000
0.000000,1.165183,-0.059515,1.000000

53,DEF-spine.003_end
1.000000,0.000000,-0.000000,0.000000
0.000000,1.000000,-0.000000,0.000000
-0.000000,-0.000000,1.000000,-0.000000
-0.000000,0.123114,0.000000,1.000000

0.010000,-0.000000,0.000000,0.000000
-0.000000,-0.008956,0.004450,0.000000
0.000000,-0.004450,-0.008955,-0.000000
0.000000,1.042069,-0.059514,1.000000

54,tweak_spine.002
1.000000,0.000012,0.000010,0.000000
-0.000015,0.918684,0.394994,0.000000
-0.000005,-0.394994,0.918684,-0.000000
0.000000,0.000000,-0.000000,1.000000

0.010000,0.000000,-0.000000,0.000000
-0.000000,0.009905,-0.001374,0.000000
0.000000,0.001374,0.009905,-0.000000
-0.000000,-1.254348,-0.313774,1.000000

55,ORG-spine.002
1.000000,-0.000017,0.000002,0.000000
-0.000017,-1.000000,-0.000006,0.000000
0.000002,0.000006,-1.000000,-0.000000
0.000000,0.000000,-0.000000,1.000000

0.010000,-0.000000,-0.000000,0.000000
-0.000000,-0.009905,0.001374,0.000000
-0.000000,-0.001374,-0.009905,-0.000000
0.000000,1.254348,0.313776,1.000000

56,ORG-spine.002_end
1.000000,0.000000,-0.000000,0.000000
0.000000,1.000000,-0.000000,0.000000
-0.000000,-0.000000,1.000000,-0.000000
-0.000000,0.130629,-0.000000,1.000000

0.010000,-0.000000,-0.000000,0.000000
-0.000000,-0.009905,0.001374,0.000000
-0.000000,-0.001374,-0.009905,-0.000000
0.000000,1.123719,0.313775,1.000000

57,tweak_spine.003
1.000000,0.000013,0.000001,0.000000
-0.000012,0.948183,0.317724,0.000000
0.000003,-0.317724,0.948183,-0.000000
0.000000,0.000000,-0.000000,1.000000

0.010000,0.000000,0.000000,0.000000
0.000000,0.008956,-0.004450,0.000000
-0.000000,0.004450,0.008955,-0.000000
0.000000,-1.165183,0.059511,1.000000

58,ORG-spine.003
1.000000,-0.000013,0.000008,0.000000
-0.000013,-1.000000,-0.000008,0.000000
0.000008,0.000008,-1.000000,-0.000000
0.000000,0.000000,-0.000000,1.000000

0.010000,-0.000000,0.000000,0.000000
-0.000000,-0.008956,0.004450,0.000000
0.000000,-0.004450,-0.008955,-0.000000
0.000000,1.165183,-0.059517,1.000000

59,ORG-spine.003_end
1.000000,0.000000,-0.000000,0.000000
0.000000,1.000000,-0.000000,0.000000
-0.000000,-0.000000,1.000000,-0.000000
-0.000000,0.123114,-0.000000,1.000000

0.010000,-0.000000,0.000000,0.000000
-0.000000,-0.008956,0.004450,0.000000
0.000000,-0.004450,-0.008955,-0.000000
0.000000,1.042069,-0.059514,1.000000

60,spine_master.003
1.000000,-0.000000,0.000004,0.000000
-0.000002,-0.800319,0.599575,0.000000
0.000003,-0.599575,-0.800319,-0.000000
0.000000,0.000000,-0.000000,1.000000

0.010000,0.000000,0.000000,0.000000
0.000000,0.008956,-0.004450,0.000000
-0.000000,0.004450,0.008955,-0.000000
0.000000,-1.042068,0.059514,1.000000

61,spine_master.003_end
1.000000,0.000000,-0.000000,0.000000
0.000000,1.000000,-0.000000,0.000000
-0.000000,-0.000000,1.000000,-0.000000
-0.000000,0.123114,0.000000,1.000000

0.010000,0.000000,0.000000,0.000000
0.000000,0.008956,-0.004450,0.000000
-0.000000,0.004450,0.008955,-0.000000
0.000000,-1.165182,0.059514,1.000000

62,tweak_spine.005
1.000000,0.000001,-0.000001,0.000000
-0.000001,0.943646,0.330956,0.000000
0.000001,-0.330956,0.943646,-0.000000
0.000000,0.000000,-0.000000,1.000000

0.010000,0.000000,0.000000,0.000000
-0.000000,-0.001290,0.009917,0.000000
0.000000,-0.009916,-0.001290,-0.000000
0.000004,0.364989,-0.840599,1.000000

63,ORG-spine.005
1.000000,0.000000,-0.000000,0.000000
0.000000,1.000000,-0.000000,0.000000
-0.000000,-0.000000,1.000000,-0.000000
0.000000,0.000000,-0.000000,1.000000

0.010000,0.000000,0.000000,0.000000
-0.000000,-0.001290,0.009917,0.000000
0.000000,-0.009916,-0.001290,-0.000000
0.000004,0.364990,-0.840598,1.000000

64,ORG-pelvis.L
0.960860,-0.112693,-0.253079,0.000000
0.276988,0.407652,0.870114,0.000000
0.005113,-0.906157,0.422910,-0.000000
0.037639,-0.070144,-0.182970,1.000000

0.009609,0.002770,0.000051,0.000000
-0.002364,0.008103,0.005363,0.000000
0.001444,-0.005165,0.008440,-0.000000
0.081234,-0.405257,-0.672608,1.000000

65,DEF-pelvis.L
1.000000,0.000000,-0.000000,0.000000
0.000000,1.000000,-0.000000,0.000000
-0.000000,-0.000000,1.000000,-0.000000
0.000000,0.000000,-0.000000,1.000000

0.009609,0.002770,0.000051,0.000000
-0.002364,0.008103,0.005363,0.000000
0.001444,-0.005165,0.008440,-0.000000
0.081232,-0.405255,-0.672609,1.000000

66,DEF-pelvis.L_end
1.000000,0.000000,-0.000000,0.000000
0.000000,1.000000,-0.000000,0.000000
-0.000000,-0.000000,1.000000,-0.000000
0.000000,0.328556,-0.000000,1.000000

0.009609,0.002770,0.000051,0.000000
-0.002364,0.008103,0.005363,0.000000
0.001444,-0.005165,0.008440,-0.000000
0.081232,-0.733811,-0.672609,1.000000

67,ORG-pelvis.R
0.960858,0.112692,0.253088,0.000000
-0.276996,0.407652,0.870111,0.000000
-0.005117,-0.906157,0.422910,-0.000000
-0.037637,-0.070144,-0.182970,1.000000

0.009609,-0.002770,-0.000051,0.000000
0.002364,0.008103,0.005363,0.000000
-0.001444,-0.005165,0.008440,-0.000000
-0.081234,-0.405257,-0.672608,1.000000

68,DEF-pelvis.R
1.000000,0.000000,-0.000000,0.000000
0.000000,1.000000,-0.000000,0.000000
-0.000000,-0.000000,1.000000,-0.000000
0.000000,0.000000,-0.000000,1.000000

0.009609,-0.002770,-0.000051,0.000000
0.002364,0.008103,0.005363,0.000000
-0.001444,-0.005165,0.008440,-0.000000
-0.081232,-0.405255,-0.672609,1.000000

69,DEF-pelvis.R_end
1.000000,0.000000,-0.000000,0.000000
0.000000,1.000000,-0.000000,0.000000
-0.000000,-0.000000,1.000000,-0.000000
-0.000000,0.328556,0.000000,1.000000

0.009609,-0.002770,-0.000051,0.000000
0.002364,0.008103,0.005363,0.000000
-0.001444,-0.005165,0.008440,-0.000000
-0.081232,-0.733811,-0.672609,1.000000

70,ORG-thigh.L
0.691018,-0.720462,0.058547,0.000000
0.082460,-0.001896,-0.996593,0.000000
0.718118,0.693492,0.058100,-0.000000
0.124900,-0.085872,-0.024993,1.000000

0.006910,0.000823,0.007181,0.000000
0.001510,-0.009880,-0.000320,0.000000
0.007069,0.001305,-0.006952,-0.000000
-0.458883,0.801646,0.175720,1.000000

71,ORG-shin.L
1.000000,0.000000,-0.000000,0.000000
-0.000000,0.985914,-0.167251,0.000000
-0.000000,0.167251,0.985914,-0.000000
-0.000000,0.316035,-0.000000,1.000000

0.006910,-0.000389,0.007218,0.000000
0.001510,-0.009688,-0.001967,0.000000
0.007069,0.002449,-0.006636,-0.000000
-0.458883,0.449401,0.254427,1.000000

72,ORG-foot.L
0.972569,-0.231206,0.025561,0.000000
0.232615,0.966636,-0.107267,0.000000
0.000093,0.110270,0.993902,-0.000000
-0.000000,0.242508,-0.000000,1.000000

0.006995,0.000460,0.007131,0.000000
0.003658,-0.008803,-0.003020,0.000000
0.006139,0.004721,-0.006326,-0.000000
-0.487624,0.066052,0.275630,1.000000

73,ORG-toe.L
0.730244,0.375408,0.570801,0.000000
-0.646777,0.110766,0.754593,0.000000
0.220055,-0.920218,0.323691,-0.000000
0.000000,0.252661,-0.000000,1.000000

0.009351,0.000908,0.003426,0.000000
-0.002358,-0.005622,0.007927,0.000000
0.002646,-0.008220,-0.005043,-0.000000
-0.268884,0.502646,0.153688,1.000000

74,MCH-toe_tweak.L
1.000000,0.000000,-0.000000,0.000000
0.000000,1.000000,-0.000000,0.000000
-0.000000,-0.000000,1.000000,-0.000000
0.000000,0.000000,-0.000000,1.000000

0.009351,0.000908,0.003426,0.000000
-0.002359,-0.005622,0.007927,0.000000
0.002646,-0.008220,-0.005043,-0.000000
-0.268885,0.502646,0.153687,1.000000

75,toe_tweak.L
1.000000,0.000000,-0.000000,0.000000
0.000000,1.000000,-0.000000,0.000000
-0.000000,-0.000000,1.000000,-0.000000
0.000000,0.000000,-0.000000,1.000000

0.009351,0.000908,0.003426,0.000000
-0.002359,-0.005622,0.007927,0.000000
0.002646,-0.008220,-0.005043,-0.000000
-0.268885,0.502646,0.153687,1.000000

76,toe_tweak.L_end
1.000000,0.000000,-0.000000,0.000000
0.000000,1.000000,-0.000000,0.000000
-0.000000,-0.000000,1.000000,-0.000000
-0.000000,0.039681,-0.000000,1.000000

0.009351,0.000908,0.003426,0.000000
-0.002359,-0.005622,0.007927,0.000000
0.002646,-0.008220,-0.005043,-0.000000
-0.268885,0.462965,0.153686,1.000000

77,MCH-toe.L
0.730244,0.375405,0.570802,0.000000
-0.646777,0.110765,0.754593,0.000000
0.220053,-0.920219,0.323689,-0.000000
0.000000,0.252661,-0.000000,1.000000

0.009351,0.000908,0.003426,0.000000
-0.002358,-0.005622,0.007927,0.000000
0.002646,-0.008220,-0.005043,-0.000000
-0.268884,0.502646,0.153688,1.000000

78,toe.L
1.000000,0.000000,-0.000000,0.000000
0.000000,1.000000,-0.000000,0.000000
-0.000000,-0.000000,1.000000,-0.000000
0.000000,0.000000,-0.000000,1.000000

0.009351,0.000908,0.003426,0.000000
-0.002359,-0.005622,0.007927,0.000000
0.002646,-0.008220,-0.005043,-0.000000
-0.268885,0.502646,0.153687,1.000000

79,toe.L_end
1.000000,0.000000,-0.000000,0.000000
0.000000,1.000000,-0.000000,0.000000
-0.000000,-0.000000,1.000000,-0.000000
0.000000,0.158724,-0.000000,1.000000

0.009351,0.000908,0.003426,0.000000
-0.002359,-0.005622,0.007927,0.000000
0.002646,-0.008220,-0.005043,-0.000000
-0.268885,0.343922,0.153687,1.000000

80,MCH-foot_tweak.L
1.000000,-0.000016,-0.000000,0.000000
0.000016,1.000000,-0.000002,0.000000
0.000000,0.000002,1.000000,-0.000000
0.000000,0.000000,-0.000000,1.000000

0.006995,0.000460,0.007131,0.000000
0.003658,-0.008803,-0.003020,0.000000
0.006139,0.004721,-0.006326,-0.000000
-0.487624,0.066051,0.275630,1.000000

81,foot_tweak.L
1.000000,0.000016,0.000001,0.000000
-0.000016,1.000000,0.000001,0.000000
-0.000001,-0.000001,1.000000,-0.000000
0.000000,0.000000,-0.000000,1.000000

0.006995,0.000460,0.007131,0.000000
0.003658,-0.008803,-0.003020,0.000000
0.006139,0.004721,-0.006326,-0.000000
-0.487624,0.066052,0.275630,1.000000

82,foot_tweak.L_end
1.000000,0.000000,-0.000000,0.000000
0.000000,1.000000,-0.000000,0.000000
-0.000000,-0.000000,1.000000,-0.000000
-0.000000,0.063164,-0.000000,1.000000

0.006995,0.000460,0.007131,0.000000
0.003658,-0.008803,-0.003020,0.000000
0.006139,0.004721,-0.006326,-0.000000
-0.487624,0.002888,0.275630,1.000000

83,MCH-foot_tweak.L.001
0.990612,0.000000,0.136704,0.000000
-0.000000,1.000000,0.000001,0.000000
-0.136704,-0.000001,0.990612,-0.000000
0.000000,0.126330,-0.000000,1.000000

0.007904,0.000460,0.006109,0.000000
0.003211,-0.008803,-0.003492,0.000000
0.005217,0.004721,-0.007106,-0.000000
-0.445392,-0.060278,0.339668,1.000000

84,foot_tweak.L.001
0.990623,-0.000001,-0.136627,0.000000
0.000002,1.000000,0.000006,0.000000
0.136627,-0.000006,0.990623,-0.000000
0.000000,0.000000,-0.000000,1.000000

0.006995,0.000460,0.007131,0.000000
0.003658,-0.008803,-0.003020,0.000000
0.006139,0.004721,-0.006326,-0.000000
-0.487624,-0.060279,0.275630,1.000000

85,foot_tweak.L.001_end
1.000000,0.000000,-0.000000,0.000000
0.000000,1.000000,-0.000000,0.000000
-0.000000,-0.000000,1.000000,-0.000000
-0.000000,0.063164,-0.000000,1.000000

0.006995,0.000460,0.007131,0.000000
0.003658,-0.008803,-0.003020,0.000000
0.006139,0.004721,-0.006326,-0.000000
-0.487624,-0.123443,0.275630,1.000000

86,MCH-shin_tweak.L
1.000000,0.000000,-0.000000,0.000000
0.000000,1.000000,-0.000000,0.000000
-0.000000,-0.000000,1.000000,-0.000000
0.000000,0.000000,-0.000000,1.000000

0.006910,-0.000389,0.007218,0.000000
0.001510,-0.009688,-0.001967,0.000000
0.007069,0.002449,-0.006636,-0.000000
-0.458883,0.449402,0.254426,1.000000

87,shin_tweak.L
1.000000,0.000003,0.000001,0.000000
-0.000003,1.000000,0.000008,0.000000
-0.000001,-0.000008,1.000000,-0.000000
0.000000,0.000000,-0.000000,1.000000

0.006910,-0.000389,0.007218,0.000000
0.001510,-0.009688,-0.001967,0.000000
0.007069,0.002449,-0.006636,-0.000000
-0.458883,0.449402,0.254427,1.000000

88,shin_tweak.L_end
1.000000,0.000000,-0.000000,0.000000
0.000000,1.000000,-0.000000,0.000000
-0.000000,-0.000000,1.000000,-0.000000
0.000000,0.060626,0.000000,1.000000

0.006910,-0.000389,0.007218,0.000000
0.001510,-0.009688,-0.001967,0.000000
0.007069,0.002449,-0.006636,-0.000000
-0.458883,0.388776,0.254426,1.000000

89,MCH-shin_tweak.L.001
0.999979,-0.000003,0.006451,0.000000
0.000003,1.000000,0.000003,0.000000
-0.006451,-0.000003,0.999979,-0.000000
-0.000000,0.121254,0.000000,1.000000

0.006957,-0.000389,0.007173,0.000000
0.001497,-0.009688,-0.001977,0.000000
0.007026,0.002449,-0.006681,-0.000000
-0.457226,0.328147,0.257393,1.000000

90,shin_tweak.L.001
0.999979,0.000010,-0.006477,0.000000
-0.000010,1.000000,-0.000003,0.000000
0.006477,0.000003,0.999979,-0.000000
0.000000,0.000000,-0.000000,1.000000

0.006910,-0.000389,0.007218,0.000000
0.001510,-0.009688,-0.001967,0.000000
0.007069,0.002449,-0.006636,-0.000000
-0.458883,0.328148,0.254426,1.000000

91,shin_tweak.L.001_end
1.000000,0.000000,-0.000000,0.000000
0.000000,1.000000,-0.000000,0.000000
-0.000000,-0.000000,1.000000,-0.000000
-0.000000,0.060626,-0.000000,1.000000

0.006910,-0.000389,0.007218,0.000000
0.001510,-0.009688,-0.001967,0.000000
0.007069,0.002449,-0.006636,-0.000000
-0.458883,0.267522,0.254426,1.000000

92,MCH-thigh_parent_widget.L
1.000000,0.000001,-0.000000,0.000000
-0.000001,1.000000,0.000010,0.000000
0.000000,-0.000010,1.000000,-0.000000
0.000000,0.000000,-0.000000,1.000000

0.006910,0.000823,0.007181,0.000000
0.001510,-0.009880,-0.000320,0.000000
0.007069,0.001305,-0.006952,-0.000000
-0.458883,0.801646,0.175719,1.000000

93,MCH-thigh_parent_widget.L_end
1.000000,0.000000,-0.000000,0.000000
0.000000,1.000000,-0.000000,0.000000
-0.000000,-0.000000,1.000000,-0.000000
-0.000000,0.026336,0.000000,1.000000

0.006910,0.000823,0.007181,0.000000
0.001510,-0.009880,-0.000320,0.000000
0.007069,0.001305,-0.006952,-0.000000
-0.458883,0.775310,0.175719,1.000000

94,MCH-thigh_tweak.L.001
1.000000,0.000006,-0.000007,0.000000
-0.000006,1.000000,-0.000007,0.000000
0.000007,0.000007,1.000000,-0.000000
-0.000000,0.158018,0.000000,1.000000

0.006910,0.000823,0.007181,0.000000
0.001510,-0.009880,-0.000320,0.000000
0.007069,0.001305,-0.006952,-0.000000
-0.458881,0.643630,0.175720,1.000000

95,thigh_tweak.L.001
1.000000,-0.000008,0.000009,0.000000
0.000008,1.000000,0.000007,0.000000
-0.000009,-0.000007,1.000000,-0.000000
0.000000,0.000000,-0.000000,1.000000

0.006910,0.000823,0.007181,0.000000
0.001510,-0.009880,-0.000320,0.000000
0.007069,0.001305,-0.006952,-0.000000
-0.458883,0.643628,0.175719,1.000000

96,thigh_tweak.L.001_end
1.000000,0.000000,-0.000000,0.000000
0.000000,1.000000,-0.000000,0.000000
-0.000000,-0.000000,1.000000,-0.000000
0.000000,0.079007,0.000000,1.000000

0.006910,0.000823,0.007181,0.000000
0.001510,-0.009880,-0.000320,0.000000
0.007069,0.001305,-0.006952,-0.000000
-0.458883,0.564621,0.175720,1.000000

97,ORG-thigh.R
0.691019,0.720462,-0.058540,0.000000
-0.082450,-0.001895,-0.996593,0.000000
-0.718119,0.693491,0.058092,-0.000000
-0.124900,-0.085872,-0.024994,1.000000

0.006910,-0.000823,-0.007181,0.000000
-0.001510,-0.009880,-0.000320,0.000000
-0.007069,0.001305,-0.006952,-0.000000
0.458883,0.801646,0.175720,1.000000

98,ORG-shin.R
1.000000,0.000000,0.000000,0.000000
-0.000000,0.985915,-0.167248,0.000000
-0.000000,0.167248,0.985915,-0.000000
0.000000,0.316035,-0.000000,1.000000

0.006910,0.000389,-0.007218,0.000000
-0.001510,-0.009688,-0.001967,0.000000
-0.007069,0.002449,-0.006636,-0.000000
0.458883,0.449402,0.254427,1.000000

99,ORG-foot.R
0.972569,0.231207,-0.025561,0.000000
-0.232616,0.966635,-0.107269,0.000000
-0.000093,0.110272,0.993901,-0.000000
0.000000,0.242508,0.000000,1.000000

0.006995,-0.000460,-0.007131,0.000000
-0.003658,-0.008803,-0.003020,0.000000
-0.006139,0.004721,-0.006326,-0.000000
0.487624,0.066052,0.275630,1.000000

100,ORG-toe.R
0.730243,-0.375408,-0.570801,0.000000
0.646777,0.110765,0.754593,0.000000
-0.220056,-0.920217,0.323690,-0.000000
0.000000,0.252661,-0.000000,1.000000

0.009351,-0.000908,-0.003426,0.000000
0.002358,-0.005622,0.007927,0.000000
-0.002646,-0.008220,-0.005043,-0.000000
0.268884,0.502646,0.153688,1.000000

101,MCH-toe_tweak.R
1.000000,-0.000002,0.000003,0.000000
0.000002,1.000000,0.000008,0.000000
-0.000003,-0.000008,1.000000,-0.000000
0.000000,0.000000,-0.000000,1.000000

0.009351,-0.000908,-0.003426,0.000000
0.002359,-0.005622,0.007927,0.000000
-0.002646,-0.008220,-0.005043,-0.000000
0.268885,0.502646,0.153687,1.000000

102,toe_tweak.R
1.000000,0.000001,-0.000001,0.000000
-0.000001,1.000000,-0.000009,0.000000
0.000001,0.000009,1.000000,-0.000000
0.000000,0.000000,-0.000000,1.000000

0.009351,-0.000908,-0.003426,0.000000
0.002359,-0.005622,0.007927,0.000000
-0.002646,-0.008220,-0.005043,-0.000000
0.268885,0.502646,0.153686,1.000000

103,toe_tweak.R_end
1.000000,0.000000,-0.000000,0.000000
0.000000,1.000000,-0.000000,0.000000
-0.000000,-0.000000,1.000000,-0.000000
0.000000,0.039681,0.000000,1.000000

0.009351,-0.000908,-0.003426,0.000000
0.002359,-0.005622,0.007927,0.000000
-0.002646,-0.008220,-0.005043,-0.000000
0.268885,0.462965,0.153687,1.000000

104,MCH-toe.R
0.730244,-0.375405,-0.570802,0.000000
0.646777,0.110764,0.754593,0.000000
-0.220054,-0.920219,0.323688,-0.000000
0.000000,0.252661,-0.000000,1.000000

0.009351,-0.000908,-0.003426,0.000000
0.002358,-0.005622,0.007927,0.000000
-0.002646,-0.008220,-0.005043,-0.000000
0.268884,0.502646,0.153688,1.000000

105,toe.R
1.000000,0.000000,-0.000000,0.000000
0.000000,1.000000,-0.000000,0.000000
-0.000000,-0.000000,1.000000,-0.000000
0.000000,0.000000,-0.000000,1.000000

0.009351,-0.000908,-0.003426,0.000000
0.002359,-0.005622,0.007927,0.000000
-0.002646,-0.008220,-0.005043,-0.000000
0.268885,0.502646,0.153687,1.000000

106,toe.R_end
1.000000,0.000000,-0.000000,0.000000
0.000000,1.000000,-0.000000,0.000000
-0.000000,-0.000000,1.000000,-0.000000
-0.000000,0.158724,-0.000000,1.000000

0.009351,-0.000908,-0.003426,0.000000
0.002359,-0.005622,0.007927,0.000000
-0.002646,-0.008220,-0.005043,-0.000000
0.268885,0.343922,0.153687,1.000000

107,MCH-foot_tweak.R
1.000000,0.000008,-0.000000,0.000000
-0.000008,1.000000,-0.000009,0.000000
0.000000,0.000009,1.000000,-0.000000
0.000000,0.000000,-0.000000,1.000000

0.006995,-0.000460,-0.007131,0.000000
-0.003658,-0.008803,-0.003020,0.000000
-0.006139,0.004721,-0.006326,-0.000000
0.487624,0.066052,0.275630,1.000000

108,foot_tweak.R
1.000000,-0.000009,-0.000001,0.000000
0.000009,1.000000,0.000004,0.000000
0.000001,-0.000004,1.000000,-0.000000
0.000000,0.000000,-0.000000,1.000000

0.006995,-0.000460,-0.007131,0.000000
-0.003658,-0.008803,-0.003020,0.000000
-0.006139,0.004721,-0.006326,-0.000000
0.487624,0.066052,0.275630,1.000000

109,foot_tweak.R_end
1.000000,0.000000,-0.000000,0.000000
0.000000,1.000000,-0.000000,0.000000
-0.000000,-0.000000,1.000000,-0.000000
0.000000,0.063164,-0.000000,1.000000

0.006995,-0.000460,-0.007131,0.000000
-0.003658,-0.008803,-0.003020,0.000000
-0.006139,0.004721,-0.006326,-0.000000
0.487624,0.002888,0.275630,1.000000

110,MCH-foot_tweak.R.001
0.990612,-0.000001,-0.136705,0.000000
0.000001,1.000000,0.000002,0.000000
0.136705,-0.000002,0.990612,-0.000000
0.000000,0.126330,-0.000000,1.000000

0.007904,-0.000460,-0.006109,0.000000
-0.003211,-0.008804,-0.003492,0.000000
-0.005217,0.004721,-0.007106,-0.000000
0.445393,-0.060278,0.339668,1.000000

111,foot_tweak.R.001
0.990623,-0.000001,0.136626,0.000000
0.000000,1.000000,0.000003,0.000000
-0.136626,-0.000003,0.990623,-0.000000
0.000000,0.000000,-0.000000,1.000000

0.006995,-0.000460,-0.007131,0.000000
-0.003658,-0.008803,-0.003020,0.000000
-0.006139,0.004721,-0.006326,-0.000000
0.487624,-0.060278,0.275630,1.000000

112,foot_tweak.R.001_end
1.000000,0.000000,-0.000000,0.000000
0.000000,1.000000,-0.000000,0.000000
-0.000000,-0.000000,1.000000,-0.000000
-0.000000,0.063164,-0.000000,1.000000

0.006995,-0.000460,-0.007131,0.000000
-0.003658,-0.008803,-0.003020,0.000000
-0.006139,0.004721,-0.006326,-0.000000
0.487624,-0.123442,0.275630,1.000000

113,MCH-shin_tweak.R
1.000000,-0.000008,0.000000,0.000000
0.000008,1.000000,0.000008,0.000000
-0.000000,-0.000008,1.000000,-0.000000
0.000000,0.000000,-0.000000,1.000000

0.006910,0.000389,-0.007218,0.000000
-0.001510,-0.009688,-0.001967,0.000000
-0.007069,0.002449,-0.006636,-0.000000
0.458883,0.449403,0.254426,1.000000

114,shin_tweak.R
1.000000,0.000008,-0.000001,0.000000
-0.000008,1.000000,-0.000008,0.000000
0.000001,0.000008,1.000000,-0.000000
0.000000,0.000000,-0.000000,1.000000

0.006910,0.000389,-0.007218,0.000000
-0.001510,-0.009688,-0.001967,0.000000
-0.007069,0.002449,-0.006636,-0.000000
0.458883,0.449402,0.254426,1.000000

115,shin_tweak.R_end
1.000000,0.000000,-0.000000,0.000000
0.000000,1.000000,-0.000000,0.000000
-0.000000,-0.000000,1.000000,-0.000000
0.000000,0.060626,0.000000,1.000000

0.006910,0.000389,-0.007218,0.000000
-0.001510,-0.009688,-0.001967,0.000000
-0.007069,0.002449,-0.006636,-0.000000
0.458883,0.388776,0.254426,1.000000

116,MCH-shin_tweak.R.001
0.999979,-0.000006,-0.006444,0.000000
0.000006,1.000000,-0.000001,0.000000
0.006444,0.000001,0.999979,-0.000000
-0.000000,0.121254,0.000000,1.000000

0.006957,0.000389,-0.007173,0.000000
-0.001497,-0.009688,-0.001977,0.000000
-0.007026,0.002449,-0.006681,-0.000000
0.457225,0.328151,0.257391,1.000000

117,shin_tweak.R.001
0.999979,-0.000001,0.006469,0.000000
0.000001,1.000000,-0.000003,0.000000
-0.006469,0.000003,0.999979,-0.000000
0.000000,0.000000,-0.000000,1.000000

0.006910,0.000389,-0.007218,0.000000
-0.001510,-0.009688,-0.001967,0.000000
-0.007069,0.002449,-0.006636,-0.000000
0.458883,0.328148,0.254427,1.000000

118,shin_tweak.R.001_end
1.000000,0.000000,-0.000000,0.000000
0.000000,1.000000,-0.000000,0.000000
-0.000000,-0.000000,1.000000,-0.000000
0.000000,0.060626,0.000000,1.000000

0.006910,0.000389,-0.007218,0.000000
-0.001510,-0.009688,-0.001967,0.000000
-0.007069,0.002449,-0.006636,-0.000000
0.458883,0.267522,0.254426,1.000000

119,MCH-thigh_parent_widget.R
1.000000,-0.000001,0.000001,0.000000
0.000001,1.000000,0.000009,0.000000
-0.000001,-0.000009,1.000000,-0.000000
0.000000,0.000000,-0.000000,1.000000

0.006910,-0.000823,-0.007181,0.000000
-0.001510,-0.009880,-0.000320,0.000000
-0.007069,0.001305,-0.006952,-0.000000
0.458883,0.801646,0.175719,1.000000

120,MCH-thigh_parent_widget.R_end
1.000000,0.000000,-0.000000,0.000000
0.000000,1.000000,-0.000000,0.000000
-0.000000,-0.000000,1.000000,-0.000000
0.000000,0.026336,-0.000000,1.000000

0.006910,-0.000823,-0.007181,0.000000
-0.001510,-0.009880,-0.000320,0.000000
-0.007069,0.001305,-0.006952,-0.000000
0.458883,0.775310,0.175719,1.000000

121,MCH-thigh_tweak.R.001
1.000000,-0.000009,-0.000002,0.000000
0.000009,1.000000,0.000010,0.000000
0.000002,-0.000010,1.000000,-0.000000
0.000000,0.158018,-0.000000,1.000000

0.006910,-0.000823,-0.007181,0.000000
-0.001510,-0.009880,-0.000320,0.000000
-0.007069,0.001305,-0.006952,-0.000000
0.458877,0.643634,0.175713,1.000000

122,thigh_tweak.R.001
1.000000,0.000000,-0.000000,0.000000
0.000000,1.000000,-0.000000,0.000000
-0.000000,-0.000000,1.000000,-0.000000
0.000000,0.000000,-0.000000,1.000000

0.006910,-0.000823,-0.007181,0.000000
-0.001510,-0.009880,-0.000320,0.000000
-0.007069,0.001305,-0.006952,-0.000000
0.458883,0.643628,0.175719,1.000000

123,thigh_tweak.R.001_end
1.000000,0.000000,-0.000000,0.000000
0.000000,1.000000,-0.000000,0.000000
-0.000000,-0.000000,1.000000,-0.000000
-0.000000,0.079007,-0.000000,1.000000

0.006910,-0.000823,-0.007181,0.000000
-0.001510,-0.009880,-0.000320,0.000000
-0.007069,0.001305,-0.006952,-0.000000
0.458883,0.564621,0.175719,1.000000

124,thigh_parent.L
0.994002,0.072372,0.081985,0.000000
0.082345,-0.002001,-0.996602,0.000000
-0.071962,0.997376,-0.007949,-0.000000
0.124900,-0.085872,-0.024993,1.000000

0.009940,0.000823,-0.000720,0.000000
